14 0 14 3 1 5 0 7 6 2 4
13 3 10 3 1 5 7 0 6 2 4
13 5 8 3 1 5 7 4 6 2 0
15 1 14 3 1 5 4 7 6 2 0
15 4 11 3 1 5 7 6 0 2 4
14 5 9 3 1 5 7 6 2 0 4
14 6 8 3 1 5 7 6 2 4 0
14 8 6 3 1 5 7 0 2 4 6
14 9 5 3 1 5 7 2 0 4 6
13 10 3 3 1 5 7 2 4 0 6
13 11 2 3 1 5 7 2 4 6 0
15 6 9 3 1 5 7 4 6 0 2
14 7 7 3 1 5 7 4 0 6 2
14 8 6 3 1 5 7 0 4 6 2
15 3 12 3 1 5 4 0 6 2 7
16 1 15 3 1 0 5 7 6 2 4
16 2 14 0 1 5 3 7 6 2 4
16 4 12 0 1 5 7 3 6 2 4
16 6 10 3 1 5 0 4 6 2 7
16 11 5 3 1 0 7 2 4 5 6
16 12 4 3 1 5 0 2 4 6 7
16 4 12 0 1 5 4 3 6 2 7
16 3 13 1 0 5 3 7 6 2 4
16 5 11 1 0 5 7 3 6 2 4
16 5 11 1 0 5 4 3 6 2 7
17 6 11 3 0 5 7 1 6 2 4
17 2 15 3 1 5 4 7 6 0 2
16 3 13 3 1 5 4 7 0 6 2
16 4 12 3 1 5 4 0 7 6 2
14 6 8 3 1 5 4 2 7 6 0
15 7 8 3 1 5 0 2 7 6 4
16 7 9 3 1 5 4 2 7 0 6
17 6 11 3 1 0 7 6 2 5 4
17 7 10 3 1 5 0 6 2 4 7
17 9 8 0 1 5 7 3 2 4 6
17 10 7 3 0 5 7 2 1 4 6
17 8 9 3 0 5 7 4 1 6 2
17 9 8 0 1 5 7 3 4 6 2
17 4 13 3 1 5 4 6 0 2 7
16 5 11 3 1 5 4 6 2 0 7
16 6 10 3 1 5 4 6 2 7 0
17 2 15 3 1 2 5 7 6 0 4
16 3 13 3 1 2 5 7 0 6 4
16 4 12 3 1 2 5 0 7 6 4
16 6 10 3 1 2 5 4 7 6 0
17 4 13 1 5 0 3 7 6 2 4
16 5 11 1 5 2 3 7 6 0 4
17 6 11 1 5 0 4 3 6 2 7
16 7 9 1 5 2 4 3 6 0 7
16 8 8 1 5 2 4 3 6 7 0
17 7 10 0 3 5 7 1 6 2 4
16 8 8 1 3 5 7 0 6 2 4
16 10 6 1 3 5 7 4 6 2 0
17 7 10 3 1 5 0 4 7 6 2
17 8 9 3 1 0 5 2 7 6 4
17 8 9 3 1 5 4 2 0 7 6
17 10 7 1 0 5 7 3 2 4 6
17 11 6 0 3 5 7 2 1 4 6
17 9 8 0 3 5 7 4 1 6 2
17 10 7 1 0 5 7 3 4 6 2
17 6 11 3 1 0 4 6 2 5 7
17 3 14 3 1 2 5 7 6 4 0
17 5 12 1 5 3 0 7 6 2 4
16 6 10 1 5 3 4 7 6 2 0
16 8 8 1 5 3 4 0 6 2 7
16 11 5 1 0 3 4 5 6 2 7
17 14 3 1 3 5 7 2 0 4 6
16 15 1 1 3 5 7 2 4 0 6
16 16 0 1 3 5 7 2 4 6 0
