12 0 12 6 5 2 0 7 1 3 4
12 1 11 6 5 2 4 7 1 3 0
13 1 12 6 5 0 2 7 1 3 4
13 3 10 6 5 2 4 0 1 3 7
13 2 11 6 5 3 2 7 1 0 4
13 4 9 6 5 2 4 1 0 3 7
13 4 9 0 5 2 4 6 1 3 7
13 5 8 6 0 2 4 1 5 3 7
12 6 6 6 2 0 4 1 5 3 7
12 7 5 6 2 3 4 1 5 0 7
12 8 4 6 2 3 4 1 5 7 0
13 5 8 5 0 2 4 6 1 3 7
12 6 6 5 2 0 4 6 1 3 7
12 7 5 5 2 3 4 6 1 0 7
12 8 4 5 2 3 4 6 1 7 0
13 6 7 0 6 2 4 1 5 3 7
13 6 7 5 1 2 4 6 0 3 7
13 8 5 5 2 3 4 6 0 1 7
13 7 6 1 6 2 4 0 5 3 7
13 7 6 5 1 2 4 0 6 3 7
13 9 4 5 2 3 4 0 6 1 7
13 8 5 1 6 2 4 5 0 3 7
13 8 5 0 1 2 4 5 6 3 7
13 10 3 0 2 3 4 5 6 1 7
13 9 4 1 0 2 4 5 6 3 7
12 10 2 1 2 0 4 5 6 3 7
12 11 1 1 2 3 4 5 6 0 7
12 12 0 1 2 3 4 5 6 7 0
