14 0 14 6 5 2 0 7 1 3 4
13 1 12 6 5 2 4 7 1 3 0
14 2 12 6 5 2 4 7 1 0 3
14 3 11 6 5 2 4 0 1 3 7
14 4 10 0 5 2 4 6 1 3 7
15 1 14 6 5 0 2 7 1 3 4
14 2 12 6 0 5 2 7 1 3 4
14 2 12 6 5 3 2 7 1 0 4
14 3 11 6 1 5 2 7 0 3 4
15 3 12 6 5 2 7 0 1 3 4
15 3 12 6 5 2 4 7 0 1 3
15 3 12 6 5 0 4 7 1 2 3
15 4 11 6 5 2 4 1 0 3 7
15 6 9 6 0 2 4 5 1 3 7
14 7 7 6 2 0 4 5 1 3 7
13 8 5 6 2 3 4 5 1 0 7
13 9 4 6 2 3 4 5 1 7 0
14 9 5 6 2 3 4 5 0 1 7
15 5 10 5 0 2 4 6 1 3 7
14 6 8 5 2 0 4 6 1 3 7
13 7 6 5 2 3 4 6 1 0 7
13 8 5 5 2 3 4 6 1 7 0
14 8 6 5 2 3 4 6 0 1 7
14 9 5 5 2 3 4 0 6 1 7
13 10 3 0 2 3 4 5 6 1 7
15 7 8 1 5 2 4 6 0 3 7
15 3 12 0 6 5 2 7 1 3 4
15 3 12 6 5 3 2 7 0 1 4
15 3 12 6 5 3 2 7 1 4 0
15 4 11 6 1 5 2 0 7 3 4
15 4 11 6 1 5 2 7 3 0 4
15 4 11 6 0 2 4 7 5 1 3
14 5 9 6 2 0 4 7 5 1 3
15 5 10 6 0 2 4 1 5 3 7
14 6 8 6 2 0 4 1 5 3 7
13 7 6 6 2 3 4 1 5 0 7
13 8 5 6 2 3 4 1 5 7 0
15 7 8 6 1 2 4 5 0 3 7
15 6 9 5 1 2 4 6 0 3 7
15 11 4 2 0 3 4 5 6 1 7
15 8 7 1 5 2 4 0 6 3 7
15 8 7 1 0 2 4 6 5 3 7
14 9 5 1 2 0 4 6 5 3 7
13 10 3 1 2 3 4 6 5 0 7
13 11 2 1 2 3 4 6 5 7 0
15 4 11 6 0 3 2 7 5 1 4
15 6 9 6 2 1 4 7 5 0 3
15 8 7 6 2 3 4 1 0 5 7
15 10 5 6 2 3 4 0 5 7 1
15 7 8 5 1 2 4 0 6 3 7
14 8 6 0 1 2 4 5 6 3 7
14 9 5 1 0 2 4 5 6 3 7
13 10 3 1 2 0 4 5 6 3 7
12 11 1 1 2 3 4 5 6 0 7
12 12 0 1 2 3 4 5 6 7 0
