11 0 11 0 4 2 7 5 1 3 6
12 1 11 4 0 2 7 5 1 3 6
12 1 11 5 4 2 7 0 1 3 6
12 3 9 1 4 2 7 5 0 3 6
11 4 7 1 0 2 7 5 4 3 6
12 2 10 4 2 0 7 5 1 3 6
11 3 8 4 2 3 7 5 1 0 6
12 2 10 4 1 2 7 5 0 3 6
12 5 7 1 2 0 7 5 4 3 6
12 4 8 4 2 3 7 5 0 1 6
12 4 8 4 2 3 7 5 1 6 0
12 6 6 1 2 3 7 5 4 0 6
12 5 7 4 2 3 0 5 1 6 7
12 7 5 0 2 3 4 5 1 6 7
13 2 11 5 4 2 7 1 0 3 6
12 3 9 5 0 2 7 1 4 3 6
13 4 9 1 4 2 7 0 5 3 6
13 4 9 1 4 2 7 5 3 0 6
13 5 8 0 1 2 7 5 4 3 6
13 3 10 4 2 7 0 5 1 3 6
13 3 10 4 1 2 7 0 5 3 6
13 3 10 4 1 2 7 5 3 0 6
13 7 6 1 2 3 7 5 0 4 6
13 7 6 1 2 3 7 5 4 6 0
13 10 3 1 2 3 4 5 0 6 7
12 11 1 1 2 3 4 5 6 0 7
12 12 0 1 2 3 4 5 6 7 0
