12 0 12 5 4 3 6 2 7 0 1
11 1 10 5 4 3 6 2 0 7 1
12 2 10 5 4 3 6 0 2 7 1
11 3 8 0 4 3 6 5 2 7 1
12 2 10 5 0 3 6 2 4 7 1
11 3 8 5 3 0 6 2 4 7 1
11 4 7 5 3 7 6 2 4 0 1
12 4 8 4 0 3 6 5 2 7 1
11 5 6 4 2 3 6 5 0 7 1
12 6 6 1 4 3 6 5 2 7 0
12 4 8 5 3 6 0 2 4 7 1
12 5 7 5 3 7 6 2 4 1 0
12 6 6 5 3 7 0 2 4 1 6
12 7 5 5 3 0 7 2 4 1 6
13 1 12 5 4 3 6 2 7 1 0
13 1 12 5 4 0 6 2 7 3 1
13 5 8 6 4 3 0 5 2 7 1
13 6 7 2 4 3 6 5 0 7 1
13 3 10 0 5 3 6 2 4 7 1
13 6 7 4 2 3 6 0 5 7 1
13 7 6 1 4 3 0 5 2 7 6
13 5 8 5 3 6 1 2 4 7 0
13 6 7 0 3 6 5 2 4 7 1
13 7 6 5 3 6 7 2 4 0 1
12 8 4 5 3 0 7 2 4 6 1
13 8 5 0 3 7 5 2 4 1 6
13 8 5 5 3 1 7 2 4 0 6
13 2 11 5 4 3 0 2 7 1 6
13 4 9 2 5 3 6 0 4 7 1
13 9 4 5 3 1 7 2 4 6 0
14 4 10 5 4 3 6 1 2 7 0
14 5 9 5 4 3 0 6 2 7 1
14 5 9 5 3 7 6 2 0 4 1
14 6 8 4 2 3 6 5 7 0 1
14 7 7 1 4 3 6 5 2 0 7
14 2 12 5 0 4 6 2 7 3 1
14 2 12 5 4 6 0 2 7 3 1
14 6 8 6 4 3 1 5 2 7 0
14 7 7 2 0 3 6 5 4 7 1
14 6 8 1 5 3 6 2 4 7 0
14 7 7 0 2 3 6 4 5 7 1
14 6 8 5 3 6 1 2 4 0 7
13 7 6 5 3 0 1 2 4 6 7
14 9 5 1 3 6 5 2 4 7 0
14 8 6 5 3 6 7 2 4 1 0
14 9 5 5 3 7 0 2 4 6 1
14 3 11 5 4 0 3 2 7 1 6
14 4 10 0 4 3 5 2 7 1 6
14 5 9 2 5 3 6 4 0 7 1
14 8 6 0 2 3 6 5 4 7 1
14 7 7 1 5 3 0 2 4 7 6
14 8 6 5 3 1 0 2 4 6 7
14 6 8 2 0 3 6 4 5 7 1
15 5 10 5 0 3 6 4 2 7 1
14 6 8 5 2 3 6 4 0 7 1
15 5 10 4 3 0 6 5 2 7 1
15 8 7 0 3 7 6 2 4 1 5
15 9 6 5 3 7 1 2 4 0 6
15 8 7 5 0 3 7 2 4 1 6
15 3 12 5 4 3 6 0 7 1 2
14 4 10 0 4 3 6 5 7 1 2
15 6 9 6 4 0 3 5 2 7 1
15 7 8 2 4 3 6 0 5 7 1
15 5 10 6 5 3 0 2 4 7 1
15 8 7 4 2 3 6 1 5 7 0
15 9 6 4 2 3 0 6 5 7 1
15 8 7 1 4 0 3 5 2 7 6
15 8 7 5 3 0 1 2 4 7 6
15 7 8 3 0 6 5 2 4 7 1
15 9 6 5 0 3 7 2 4 6 1
15 9 6 3 0 7 5 2 4 1 6
15 6 9 2 5 3 6 1 4 7 0
15 7 8 2 5 3 0 6 4 7 1
15 5 10 5 4 3 0 1 2 7 6
15 6 9 5 4 3 1 6 2 7 0
15 7 8 4 2 3 6 5 7 1 0
15 8 7 1 4 3 6 5 0 2 7
15 3 12 0 5 4 6 2 7 3 1
15 3 12 5 7 4 6 2 0 3 1
15 3 12 5 4 6 1 2 7 3 0
15 4 11 0 4 6 5 2 7 3 1
15 7 8 1 5 3 6 2 4 0 7
15 10 5 1 2 3 6 4 5 7 0
15 10 5 1 3 6 5 2 4 0 7
14 11 3 1 3 0 5 2 4 6 7
14 12 2 1 3 5 0 2 4 6 7
13 13 0 1 3 5 7 2 4 6 0
