11 0 11 5 4 3 6 2 7 0 1
10 1 9 5 4 3 6 2 0 7 1
10 2 8 5 4 3 6 0 2 7 1
10 3 7 0 4 3 6 5 2 7 1
11 2 9 5 0 3 6 2 4 7 1
11 4 7 5 4 3 6 1 2 7 0
11 4 7 4 0 3 6 5 2 7 1
11 6 5 1 4 3 6 5 2 7 0
11 3 8 5 3 0 6 2 4 7 1
11 5 6 4 2 3 6 5 0 7 1
11 4 7 5 3 6 0 2 4 7 1
11 4 7 5 3 7 6 2 4 0 1
12 1 11 5 4 3 6 2 7 1 0
12 1 11 5 4 0 6 2 7 3 1
12 5 7 5 4 3 0 6 2 7 1
12 5 7 6 4 3 0 5 2 7 1
12 5 7 5 4 3 0 1 2 7 6
12 7 5 1 4 3 0 5 2 7 6
12 5 7 5 3 6 1 2 4 7 0
12 6 6 0 3 6 5 2 4 7 1
12 7 5 5 3 6 7 2 4 0 1
12 5 7 5 3 7 6 2 4 1 0
12 2 10 5 4 3 0 2 7 1 6
12 2 10 5 4 6 0 2 7 3 1
12 6 6 5 3 6 1 2 4 0 7
12 8 4 5 3 0 7 2 4 6 1
12 6 6 5 3 7 0 2 4 1 6
12 7 5 5 3 0 1 2 4 6 7
12 7 5 5 3 0 7 2 4 1 6
13 5 8 5 0 3 6 4 2 7 1
13 6 7 2 4 3 6 5 0 7 1
13 3 10 0 5 3 6 2 4 7 1
13 5 8 5 4 3 6 1 2 0 7
13 7 6 1 4 3 6 5 2 0 7
13 6 7 4 2 3 6 0 5 7 1
13 2 11 5 0 4 6 2 7 3 1
13 6 7 5 4 3 1 6 2 7 0
13 6 7 6 4 3 1 5 2 7 0
13 9 4 1 3 6 5 2 4 7 0
13 8 5 5 3 6 7 2 4 1 0
13 3 10 5 4 0 3 2 7 1 6
13 4 9 0 4 3 5 2 7 1 6
13 3 10 5 4 6 1 2 7 3 0
13 4 9 0 4 6 5 2 7 3 1
13 8 5 0 3 7 5 2 4 1 6
13 8 5 5 3 1 0 2 4 6 7
13 8 5 5 3 1 7 2 4 0 6
13 6 7 5 2 3 6 4 0 7 1
13 4 9 2 5 3 6 0 4 7 1
13 10 3 1 3 6 5 2 4 0 7
13 9 4 5 3 1 7 2 4 6 0
13 11 2 1 3 0 5 2 4 6 7
13 12 1 1 3 5 0 2 4 6 7
13 13 0 1 3 5 7 2 4 6 0
