8 0 8 1 0 4 3 2 7 5 6
8 1 7 1 4 0 3 2 7 5 6
8 2 6 1 4 5 3 2 7 0 6
8 3 5 1 4 5 3 2 7 6 0
9 1 8 1 7 4 3 2 0 5 6
9 2 7 1 4 3 0 2 7 5 6
9 3 6 1 4 5 3 2 0 7 6
9 4 5 1 4 5 0 2 7 6 3
9 4 5 1 0 5 3 2 4 7 6
10 1 9 0 1 4 3 2 7 5 6
11 2 9 1 7 4 3 0 2 5 6
11 2 9 1 7 4 3 2 5 0 6
11 3 8 1 4 3 6 2 7 5 0
11 4 7 1 4 5 3 0 2 7 6
11 5 6 1 4 0 5 2 7 6 3
11 5 6 0 1 5 3 2 4 7 6
11 3 8 3 1 4 0 2 7 5 6
11 3 8 1 7 4 3 2 5 6 0
12 5 7 1 4 5 3 0 7 6 2
12 5 7 1 4 3 5 2 7 0 6
12 5 7 1 5 0 3 2 4 7 6
12 2 10 2 1 4 3 0 7 5 6
12 4 8 1 7 4 3 6 2 5 0
12 3 9 1 7 0 3 2 5 4 6
12 7 5 3 1 5 0 2 4 7 6
12 4 8 3 1 0 4 2 7 5 6
12 4 8 1 7 4 0 2 5 6 3
12 6 6 1 4 3 5 2 7 6 0
12 6 6 1 5 7 3 2 4 0 6
12 4 8 1 0 7 3 2 5 4 6
12 5 7 3 1 5 4 2 7 0 6
12 7 5 1 5 7 3 2 4 6 0
12 6 6 3 1 5 4 2 7 6 0
13 6 7 1 4 0 3 2 7 6 5
13 6 7 0 4 5 3 2 7 6 1
13 4 9 0 4 3 1 2 7 5 6
13 6 7 0 4 5 1 2 7 6 3
13 4 9 7 1 4 3 2 0 5 6
13 3 10 0 7 4 3 1 2 5 6
13 4 9 1 4 3 6 2 7 0 5
13 5 8 0 4 5 3 1 2 7 6
13 6 7 1 4 5 3 6 2 7 0
13 6 7 1 0 4 5 2 7 6 3
13 6 7 1 4 6 5 2 7 0 3
13 6 7 2 1 5 3 0 4 7 6
13 4 9 3 1 4 6 2 7 5 0
13 6 7 1 4 5 3 7 0 6 2
13 6 7 1 4 3 5 2 0 7 6
13 6 7 1 4 0 5 2 7 3 6
13 6 7 1 5 3 0 2 4 7 6
13 3 10 2 1 4 3 7 0 5 6
13 4 9 2 1 4 3 6 7 5 0
13 5 8 1 7 4 3 6 2 0 5
13 4 9 1 7 3 0 2 5 4 6
13 10 3 3 1 5 7 2 4 0 6
13 5 8 1 7 0 4 2 5 6 3
13 5 8 1 5 7 3 2 0 4 6
13 6 7 3 1 5 4 2 0 7 6
13 8 5 1 5 7 0 2 4 6 3
13 7 6 3 1 5 0 2 7 6 4
13 5 8 1 4 3 6 2 0 7 5
13 7 6 1 0 5 3 7 4 6 2
13 7 6 1 0 3 5 2 4 7 6
12 8 4 1 3 0 5 2 4 7 6
12 9 3 1 3 5 0 2 4 7 6
12 9 3 1 3 7 5 2 4 0 6
12 10 2 1 3 7 5 2 4 6 0
13 7 6 1 4 5 0 2 7 3 6
13 4 9 2 1 4 3 7 5 0 6
13 11 2 3 1 5 7 2 4 6 0
13 6 7 1 0 7 4 2 5 6 3
13 9 4 1 5 0 7 2 4 6 3
12 10 2 1 0 5 7 2 4 6 3
13 6 7 1 4 3 6 0 2 7 5
13 12 1 1 3 5 7 2 4 0 6
13 8 5 1 4 3 6 5 2 7 0
13 13 0 1 3 5 7 2 4 6 0
