9 0 9 1 3 7 5 6 4 0 2
9 1 8 1 3 7 5 6 4 2 0
9 3 6 1 3 7 5 0 4 2 6
11 4 7 1 3 7 5 4 0 2 6
10 5 5 1 3 7 5 4 2 0 6
10 6 4 1 3 7 5 4 2 6 0
12 1 11 1 3 7 5 6 0 4 2
12 1 11 1 3 0 5 6 4 7 2
12 2 10 1 3 7 0 6 4 2 5
12 4 8 0 3 7 5 1 4 2 6
12 2 10 1 3 7 5 0 6 4 2
10 4 6 1 3 7 5 2 6 4 0
12 2 10 1 3 5 0 6 4 7 2
12 3 9 1 3 0 7 6 4 2 5
12 5 7 1 3 7 5 2 6 0 4
11 6 5 1 3 7 5 2 0 6 4
12 5 7 1 3 5 7 6 4 0 2
12 6 6 1 3 5 7 6 4 2 0
12 8 4 1 3 5 7 0 4 2 6
13 4 9 1 3 0 5 6 4 2 7
13 6 7 1 3 0 5 4 2 7 6
13 7 6 1 3 7 0 4 2 6 5
13 5 8 1 3 7 0 2 6 4 5
13 3 10 1 3 5 2 6 4 7 0
13 4 9 1 3 2 7 6 4 0 5
13 7 6 1 3 7 5 0 2 6 4
13 5 8 1 3 5 0 6 4 2 7
13 7 6 1 3 5 0 4 2 7 6
13 8 5 1 3 0 7 4 2 6 5
13 6 7 1 3 0 7 2 6 4 5
13 4 9 1 3 5 2 6 4 0 7
13 5 8 1 3 5 2 0 4 7 6
12 8 4 1 3 5 0 2 4 7 6
12 11 1 1 3 5 7 2 4 0 6
12 12 0 1 3 5 7 2 4 6 0
