10 0 10 7 3 6 2 4 5 1 0
11 1 10 7 3 6 2 4 5 0 1
11 1 10 7 3 6 0 4 5 1 2
11 2 9 7 3 6 2 4 0 5 1
11 2 9 7 3 0 2 4 5 6 1
11 3 8 0 3 6 7 4 5 1 2
11 3 8 7 3 6 2 0 4 5 1
12 3 9 0 3 6 2 4 5 1 7
12 3 9 7 3 2 0 4 5 6 1
12 4 8 0 3 6 2 7 4 5 1
12 5 7 7 3 6 2 1 4 5 0
12 6 6 7 3 6 0 2 4 5 1
12 5 7 0 3 2 7 4 5 6 1
12 8 4 0 3 6 7 2 4 5 1
13 2 11 7 3 6 2 0 5 1 4
13 3 10 7 3 0 2 4 5 1 6
13 2 11 7 3 0 6 4 5 1 2
13 3 10 7 0 6 2 4 3 5 1
13 4 9 3 0 6 7 4 5 1 2
13 4 9 4 3 6 7 0 5 1 2
13 6 7 2 3 6 7 4 5 1 0
13 5 8 2 3 6 0 4 5 1 7
13 4 9 7 3 2 1 4 5 6 0
13 6 7 2 3 6 0 7 4 5 1
13 7 6 1 3 6 2 7 4 5 0
13 6 7 7 3 6 0 1 4 5 2
13 7 6 7 3 6 1 2 4 5 0
13 8 5 1 3 2 7 4 5 6 0
13 11 2 1 3 6 7 2 4 5 0
13 6 7 4 3 6 7 2 5 1 0
13 8 5 0 3 6 7 1 4 5 2
13 9 4 1 3 6 7 0 4 5 2
14 4 10 7 3 6 1 4 5 0 2
14 3 11 7 0 3 2 4 5 6 1
14 6 8 5 3 6 7 4 0 1 2
14 4 10 3 0 6 2 4 5 1 7
14 4 10 4 3 6 2 0 5 1 7
14 5 9 3 0 6 2 7 4 5 1
14 6 8 7 3 6 2 1 4 0 5
14 8 6 0 3 6 2 1 4 5 7
14 7 7 7 3 0 6 2 4 5 1
14 6 8 3 0 2 7 4 5 6 1
14 6 8 4 3 2 7 0 5 6 1
14 9 5 3 0 6 7 2 4 5 1
14 9 5 2 3 6 7 0 4 5 1
14 3 11 7 3 6 2 5 0 1 4
14 3 11 0 3 6 2 7 5 1 4
14 5 9 7 3 6 0 2 5 1 4
14 4 10 7 3 2 0 4 5 1 6
14 4 10 7 3 1 2 4 5 0 6
14 3 11 7 0 3 6 4 5 1 2
14 3 11 7 3 1 6 4 5 0 2
14 4 10 0 7 6 2 4 3 5 1
14 5 9 3 5 6 7 4 0 1 2
14 5 9 4 3 6 7 5 0 1 2
14 7 7 2 3 6 7 4 5 0 1
14 7 7 2 3 6 1 7 4 5 0
14 8 6 1 3 6 0 7 4 5 2
14 9 5 1 3 6 2 0 4 5 7
14 7 7 4 3 6 7 2 5 0 1
14 5 9 7 3 6 1 4 0 5 2
14 5 9 7 3 0 1 4 5 6 2
14 7 7 5 3 6 7 0 4 1 2
14 7 7 7 3 0 2 1 4 6 5
14 8 6 7 3 5 6 2 4 0 1
14 7 7 0 3 6 7 2 5 1 4
14 6 8 0 3 2 7 4 5 1 6
14 5 9 7 3 1 2 4 0 5 6
14 5 9 7 3 1 2 4 5 6 0
14 4 10 7 3 1 6 4 0 5 2
14 6 8 3 5 6 7 0 4 1 2
14 8 6 2 3 6 7 4 0 5 1
14 8 6 2 3 0 7 4 5 6 1
14 8 6 4 3 6 7 2 0 5 1
14 8 6 4 3 0 7 2 5 6 1
14 6 8 7 3 6 1 0 4 5 2
14 9 5 5 3 6 7 2 4 1 0
14 6 8 7 3 1 2 0 4 5 6
14 5 9 7 3 1 6 0 4 5 2
14 8 6 3 5 6 7 2 4 1 0
14 7 7 7 3 1 6 2 4 5 0
14 8 6 7 3 1 0 2 4 5 6
14 10 4 0 3 1 7 2 4 5 6
15 4 11 7 3 6 4 0 5 1 2
15 6 9 5 3 6 2 4 0 1 7
15 8 7 7 3 0 2 1 4 5 6
15 9 6 7 3 6 5 2 4 0 1
15 8 7 5 3 2 7 4 0 6 1
15 4 11 7 0 3 2 4 5 1 6
15 4 11 7 6 0 2 4 3 5 1
15 5 10 3 6 0 7 4 5 1 2
15 6 9 2 3 0 6 4 5 1 7
15 5 10 7 3 2 1 4 5 0 6
15 7 8 0 3 2 1 4 5 6 7
15 7 8 2 3 0 6 7 4 5 1
15 8 7 1 3 6 2 7 4 0 5
15 7 8 7 3 0 6 1 4 5 2
15 8 7 7 3 6 1 2 4 0 5
15 10 5 0 3 6 1 2 4 5 7
15 9 6 1 3 2 7 4 5 0 6
15 9 6 1 3 2 0 4 5 6 7
15 12 3 1 3 6 7 2 4 0 5
15 12 3 1 3 6 0 2 4 5 7
15 7 8 4 3 6 0 2 5 1 7
15 9 6 3 0 6 7 1 4 5 2
15 11 4 2 3 6 7 1 4 5 0
15 10 5 1 3 6 7 4 0 5 2
15 5 10 7 3 6 1 4 5 2 0
15 4 11 0 7 3 2 4 5 6 1
15 4 11 7 5 3 2 4 0 6 1
15 7 8 5 3 6 7 4 1 0 2
15 5 10 3 5 6 2 4 0 1 7
15 5 10 4 3 6 2 5 0 1 7
15 10 5 2 3 6 0 1 4 5 7
15 7 8 3 2 0 7 4 5 6 1
15 7 8 3 5 2 7 4 0 6 1
15 7 8 4 3 2 7 5 0 6 1
15 8 7 4 3 2 7 1 5 6 0
15 4 11 7 3 6 2 5 1 0 4
15 4 11 7 0 6 2 5 3 1 4
15 5 10 2 3 6 0 7 5 1 4
15 6 9 7 3 6 4 2 5 1 0
15 4 11 0 7 3 6 4 5 1 2
15 4 11 7 3 1 6 4 5 2 0
15 6 9 2 7 6 0 4 3 5 1
15 7 8 1 7 6 2 4 3 5 0
15 6 9 3 5 6 7 4 1 0 2
15 6 9 4 3 6 7 5 1 0 2
15 9 6 2 3 6 1 0 4 5 7
15 6 9 7 3 1 0 4 5 6 2
15 8 7 0 3 6 7 5 4 1 2
15 8 7 7 3 2 0 1 4 6 5
15 9 6 7 3 5 6 2 4 1 0
15 7 8 0 3 6 1 7 4 5 2
15 10 5 5 3 6 7 2 4 0 1
15 7 8 0 3 1 2 7 4 5 6
15 6 9 0 3 1 6 7 4 5 2
15 9 6 3 5 6 7 2 4 0 1
15 9 6 7 3 0 1 2 4 5 6
15 5 10 7 3 6 4 5 0 1 2
15 7 8 5 3 6 2 0 4 1 7
15 9 6 7 3 5 2 1 4 0 6
15 10 5 7 3 0 5 2 4 6 1
15 9 6 5 3 2 7 0 4 6 1
15 5 10 7 6 5 2 4 3 0 1
15 6 9 7 3 2 1 4 0 5 6
15 8 7 2 3 5 6 7 4 0 1
15 9 6 1 3 0 2 7 4 6 5
15 8 7 7 3 5 6 1 4 0 2
15 9 6 7 3 0 1 2 4 6 5
15 10 5 1 3 2 7 4 0 5 6
15 13 2 1 3 0 7 2 4 6 5
15 5 10 7 5 3 2 0 4 6 1
15 5 10 7 5 3 2 4 6 0 1
15 8 7 5 3 0 7 4 1 6 2
15 6 9 3 5 6 2 0 4 1 7
15 8 7 3 5 2 7 0 4 6 1
15 5 10 7 3 0 2 5 1 6 4
15 5 10 7 6 0 2 5 3 1 4
15 5 10 7 3 1 0 4 5 2 6
15 7 8 3 5 0 7 4 1 6 2
14 8 6 3 0 5 7 4 1 6 2
14 9 5 0 3 5 7 4 1 6 2
14 9 5 3 1 5 7 4 0 6 2
14 10 4 3 1 5 7 0 4 6 2
14 12 2 3 1 5 7 2 4 6 0
15 7 8 4 3 0 7 5 1 6 2
15 8 7 0 3 1 7 4 5 6 2
15 9 6 7 3 2 5 1 4 6 0
15 10 5 0 3 2 7 1 4 6 5
15 10 5 7 3 5 0 2 4 1 6
15 11 4 5 3 0 7 2 4 6 1
15 10 5 3 5 0 7 2 4 6 1
14 11 3 3 0 5 7 2 4 6 1
14 12 2 0 3 5 7 2 4 6 1
15 10 5 7 3 5 1 2 4 0 6
15 10 5 7 3 5 2 1 4 6 0
15 11 4 7 3 5 0 2 4 6 1
15 7 8 7 3 2 1 0 4 5 6
15 11 4 1 3 2 7 0 4 5 6
15 6 9 7 0 3 2 5 1 6 4
15 7 8 0 3 1 7 4 5 2 6
15 12 3 1 3 5 7 4 0 6 2
15 11 4 1 3 2 7 0 4 6 5
15 12 3 0 3 5 7 2 4 1 6
15 15 0 1 3 5 7 2 4 6 0
