11 0 11 6 0 5 2 4 7 1 3
12 1 11 0 6 5 2 4 7 1 3
12 1 11 6 7 5 2 4 0 1 3
12 2 10 6 7 5 2 0 4 1 3
13 2 11 6 7 5 2 4 1 0 3
13 3 10 0 7 5 2 6 4 1 3
13 5 8 6 7 5 0 2 4 1 3
14 1 13 6 5 0 2 4 7 1 3
14 2 12 4 6 5 2 0 7 1 3
14 3 11 2 6 5 0 4 7 1 3
14 4 10 3 6 5 2 4 7 1 0
14 4 10 6 7 5 2 3 4 1 0
14 3 11 6 7 5 2 4 1 3 0
14 4 10 7 0 5 2 6 4 1 3
14 6 8 6 7 5 3 2 4 1 0
15 4 11 7 6 5 2 4 0 1 3
15 5 10 6 0 5 2 7 4 1 3
15 5 10 2 7 5 0 6 4 1 3
15 6 9 3 7 5 2 6 4 1 0
15 6 9 6 7 0 5 2 4 1 3
15 7 8 0 7 5 6 2 4 1 3
15 2 13 6 5 2 0 4 7 1 3
15 2 13 6 5 1 2 4 7 0 3
15 3 12 4 6 5 2 7 0 1 3
15 5 10 4 6 5 0 2 7 1 3
15 4 11 2 6 5 3 4 7 1 0
15 5 10 3 6 5 2 4 7 0 1
15 5 10 3 6 5 0 4 7 1 2
15 5 10 6 7 5 2 3 4 0 1
15 5 10 6 7 5 0 3 4 1 2
15 4 11 6 7 5 0 4 1 3 2
15 7 8 6 7 5 3 2 4 0 1
15 5 10 7 6 5 2 0 4 1 3
15 7 8 6 0 7 5 2 4 1 3
15 3 12 6 5 1 2 4 0 7 3
15 4 11 6 0 1 2 4 5 7 3
15 5 10 6 1 0 2 4 5 7 3
16 3 13 6 7 0 2 4 1 5 3
16 8 8 6 7 5 1 2 4 0 3
16 4 12 4 6 5 2 3 7 1 0
16 4 12 2 6 0 5 4 7 1 3
16 7 9 0 7 5 2 3 4 1 6
16 6 10 0 7 5 2 4 1 3 6
16 9 7 0 7 5 3 2 4 1 6
16 5 11 7 6 5 2 4 1 0 3
16 5 11 7 0 5 2 4 6 1 3
16 6 10 0 6 5 2 7 4 1 3
16 6 10 2 7 5 3 6 4 1 0
16 7 9 3 7 5 2 6 4 0 1
16 7 9 3 7 5 0 6 4 1 2
16 8 8 3 7 5 2 0 4 1 6
16 7 9 6 7 1 5 2 4 0 3
16 8 8 7 0 5 6 2 4 1 3
16 3 13 6 5 2 3 4 7 1 0
16 3 13 6 5 1 2 4 7 3 0
16 4 12 4 6 5 2 7 1 0 3
16 4 12 4 0 5 2 7 6 1 3
16 6 10 4 6 5 3 2 7 1 0
16 5 11 2 6 5 3 4 7 0 1
16 6 10 3 6 5 2 4 0 7 1
16 8 8 7 6 5 0 2 4 1 3
16 8 8 0 6 7 5 2 4 1 3
16 4 12 6 5 1 2 0 4 7 3
16 5 11 0 6 1 2 4 5 7 3
16 6 10 6 1 2 0 4 5 7 3
16 4 12 6 0 7 2 4 1 5 3
16 6 10 2 6 5 3 4 0 7 1
15 7 8 2 0 5 3 4 6 7 1
15 8 7 0 2 5 3 4 6 7 1
16 7 9 3 6 5 2 0 4 7 1
16 10 6 0 6 5 7 2 4 1 3
16 5 11 0 5 1 2 6 4 7 3
16 7 9 6 1 2 3 4 5 7 0
16 5 11 6 1 7 2 4 0 5 3
16 8 8 2 5 0 3 4 6 7 1
16 9 7 4 2 5 3 0 6 7 1
16 11 5 1 2 5 3 4 6 7 0
16 6 10 6 1 7 2 0 4 5 3
16 9 7 2 5 3 0 4 6 7 1
17 5 12 4 0 5 2 6 7 1 3
17 6 11 2 6 5 1 4 7 0 3
17 6 11 2 6 5 4 0 7 1 3
17 6 11 3 6 5 2 0 7 1 4
17 5 12 6 7 5 2 0 1 3 4
17 5 12 7 5 0 2 6 4 1 3
17 5 12 7 4 5 2 6 0 1 3
17 6 11 2 7 0 5 6 4 1 3
17 10 7 3 7 5 6 2 4 1 0
17 4 13 0 5 2 6 4 7 1 3
17 5 12 6 5 2 4 0 7 1 3
17 6 11 4 6 0 5 2 7 1 3
17 7 10 0 6 5 4 2 7 1 3
17 6 11 3 6 0 5 4 7 1 2
17 6 11 6 7 0 5 3 4 1 2
17 7 10 0 7 5 6 3 4 1 2
17 5 12 6 7 0 5 4 1 3 2
17 6 11 0 7 5 6 4 1 3 2
17 7 10 7 6 5 2 3 4 1 0
17 6 11 6 1 7 2 4 5 0 3
17 4 13 6 7 2 0 4 1 5 3
17 9 8 6 7 5 1 2 4 3 0
17 5 12 4 6 5 2 3 7 0 1
17 5 12 4 6 5 0 3 7 1 2
17 5 12 2 0 6 5 4 7 1 3
17 5 12 2 6 1 5 4 7 0 3
17 8 9 7 0 5 2 3 4 1 6
17 7 10 7 0 5 2 4 1 3 6
17 9 8 1 7 5 2 4 0 3 6
17 10 7 7 0 5 3 2 4 1 6
17 11 6 3 7 5 0 2 4 1 6
17 6 11 7 6 5 2 4 1 3 0
17 6 11 0 7 5 2 4 6 1 3
17 7 10 2 7 5 3 6 4 0 1
17 8 9 2 7 5 3 0 4 1 6
17 8 9 6 7 1 5 2 4 3 0
17 4 13 6 5 2 3 4 7 0 1
16 5 11 6 5 2 3 4 0 7 1
16 6 10 6 0 2 3 4 5 7 1
15 7 8 6 2 0 3 4 5 7 1
15 8 7 6 2 3 0 4 5 7 1
16 9 7 6 2 3 1 4 5 7 0
16 11 5 6 2 3 4 0 5 7 1
16 12 4 6 2 3 4 5 0 7 1
16 12 4 0 2 3 4 6 5 7 1
17 4 13 6 5 1 0 4 7 3 2
17 5 12 4 6 5 2 7 1 3 0
17 5 12 0 4 5 2 7 6 1 3
17 5 12 4 5 0 2 7 6 1 3
17 7 10 4 6 5 3 2 7 0 1
17 7 10 3 0 5 2 4 6 7 1
17 9 8 7 6 5 3 2 4 1 0
17 7 10 6 0 1 2 5 4 7 3
17 7 10 6 5 1 0 2 4 7 3
17 6 11 4 6 1 2 0 5 7 3
17 7 10 2 6 1 0 4 5 7 3
17 9 8 6 1 2 4 0 5 7 3
17 5 12 0 6 7 2 4 1 5 3
17 7 10 2 6 5 3 0 4 7 1
16 8 8 0 6 5 3 2 4 7 1
17 10 7 3 6 5 0 2 4 7 1
17 11 6 6 0 5 7 2 4 1 3
17 6 11 5 0 1 2 6 4 7 3
17 7 10 2 5 1 0 6 4 7 3
17 7 10 0 1 7 2 6 4 5 3
17 9 8 6 1 7 0 2 4 5 3
17 10 7 2 5 3 1 4 6 7 0
17 12 5 2 5 3 4 0 6 7 1
17 7 10 2 0 7 5 6 4 1 3
17 6 11 0 5 2 4 6 7 1 3
17 7 10 6 0 7 5 3 4 1 2
17 8 9 3 7 5 6 0 4 1 2
17 6 11 6 0 7 5 4 1 3 2
17 6 11 2 6 1 5 4 0 7 3
16 7 9 2 0 1 5 4 6 7 3
16 8 8 0 2 1 5 4 6 7 3
16 8 8 2 1 0 5 4 6 7 3
17 8 9 7 1 5 2 4 0 3 6
17 10 7 1 7 5 2 0 4 3 6
17 6 11 6 5 2 3 0 4 7 1
17 7 10 0 6 2 3 4 5 7 1
17 10 7 0 2 3 6 4 5 7 1
17 15 2 1 2 3 4 6 5 7 0
17 8 9 0 3 5 2 4 6 7 1
17 8 9 6 1 0 2 5 4 7 3
17 7 10 4 6 1 2 5 0 7 3
16 8 8 4 0 1 2 5 6 7 3
16 9 7 4 1 0 2 5 6 7 3
17 8 9 2 6 1 3 4 5 7 0
17 10 7 6 1 2 4 5 0 7 3
17 10 7 0 1 2 4 6 5 7 3
17 9 8 6 0 5 3 2 4 7 1
17 11 6 1 6 5 3 2 4 7 0
17 7 10 5 1 0 2 6 4 7 3
17 8 9 2 5 1 3 6 4 7 0
17 8 9 1 0 7 2 6 4 5 3
17 10 7 6 1 0 7 2 4 5 3
16 11 5 6 1 5 7 2 4 0 3
17 7 10 6 1 7 5 4 0 3 2
17 9 8 4 2 1 5 0 6 7 3
17 9 8 2 1 5 0 4 6 7 3
17 9 8 7 1 5 2 0 4 3 6
17 7 10 0 5 2 3 6 4 7 1
17 9 8 0 4 1 2 5 6 7 3
17 10 7 4 1 2 0 5 6 7 3
17 11 6 1 0 2 4 6 5 7 3
16 12 4 1 2 0 4 6 5 7 3
17 12 5 6 1 5 7 2 4 3 0
17 8 9 6 1 7 5 0 4 3 2
17 10 7 2 1 5 3 4 6 7 0
17 11 6 4 1 2 3 5 6 7 0
17 12 5 0 1 2 4 5 6 7 3
17 10 7 6 1 7 5 2 4 3 0
17 13 4 1 0 2 4 5 6 7 3
16 14 2 1 2 0 4 5 6 7 3
18 6 12 4 7 5 2 6 0 1 3
18 8 10 6 7 5 3 0 4 1 2
18 6 12 6 5 0 2 7 4 1 3
18 6 12 6 4 5 2 7 0 1 3
18 8 10 2 7 5 1 6 4 0 3
18 8 10 2 7 5 6 0 4 1 3
18 5 13 6 5 2 1 4 7 0 3
18 8 10 4 6 5 1 2 7 0 3
18 6 12 2 6 5 3 0 7 1 4
17 7 10 0 6 5 3 2 7 1 4
18 7 11 0 6 5 3 4 7 1 2
18 6 12 3 6 0 2 4 7 5 1
18 8 10 3 6 5 1 4 7 0 2
18 6 12 6 7 5 2 3 0 4 1
18 6 12 6 7 0 2 3 4 5 1
18 8 10 6 7 5 1 3 4 0 2
18 7 11 6 7 5 3 4 1 0 2
18 8 10 6 7 5 3 2 0 4 1
18 8 10 6 7 0 3 2 4 5 1
18 8 10 6 4 7 5 2 0 1 3
18 9 9 2 7 5 0 3 4 1 6
18 7 11 4 7 5 2 0 1 3 6
18 8 10 2 7 5 0 4 1 3 6
18 6 12 7 5 0 2 4 6 1 3
18 8 10 2 6 5 0 7 4 1 3
18 9 9 3 6 5 2 7 4 1 0
18 8 10 3 7 0 5 6 4 1 2
18 9 9 3 7 5 2 4 0 1 6
18 5 13 6 5 2 3 0 7 1 4
18 6 12 0 5 2 3 4 7 1 6
18 6 12 0 5 1 2 4 7 3 6
18 6 12 2 6 0 3 4 7 5 1
18 9 9 7 6 0 5 2 4 1 3
18 11 7 3 6 7 5 2 4 1 0
18 6 12 6 5 1 2 3 4 7 0
18 8 10 0 1 2 6 4 5 7 3
18 10 8 3 2 5 0 4 6 7 1
18 8 10 0 6 5 2 3 4 7 1
18 9 9 3 6 5 2 1 4 7 0
18 13 5 3 6 5 7 2 4 1 0
18 8 10 6 1 2 3 4 5 0 7
18 9 9 6 1 2 3 0 5 7 4
18 10 8 4 2 5 3 6 0 7 1
18 11 7 4 2 5 3 1 6 7 0
18 12 6 1 2 5 3 4 6 0 7
18 12 6 1 2 5 0 4 6 7 3
18 13 5 1 2 5 3 0 6 7 4
18 8 10 6 1 7 2 3 4 5 0
18 6 12 0 4 5 2 6 7 1 3
18 7 11 2 6 5 1 4 0 7 3
17 8 9 2 0 5 1 4 6 7 3
17 9 8 0 2 5 1 4 6 7 3
17 11 6 1 2 5 0 4 6 7 3
18 7 11 2 6 5 1 4 7 3 0
18 7 11 2 6 5 4 7 0 1 3
17 8 9 2 0 5 4 7 6 1 3
17 9 8 0 2 5 4 7 6 1 3
18 7 11 3 6 5 2 7 0 1 4
18 9 9 3 6 5 0 2 7 1 4
18 6 12 6 7 5 2 1 0 3 4
18 6 12 0 7 5 2 6 1 3 4
18 8 10 6 7 5 0 2 1 3 4
18 6 12 7 5 2 0 6 4 1 3
18 6 12 7 5 1 2 6 4 0 3
18 6 12 7 4 5 2 0 6 1 3
18 6 12 7 4 5 2 6 1 0 3
18 7 11 2 7 1 5 6 4 0 3
18 11 7 3 7 5 6 2 4 0 1
18 5 13 5 0 2 6 4 7 1 3
18 6 12 6 5 2 4 7 0 1 3
18 8 10 6 0 2 4 5 7 1 3
17 9 8 6 2 0 4 5 7 1 3
18 7 11 4 0 6 5 2 7 1 3
18 7 11 4 6 1 5 2 7 0 3
18 8 10 6 0 5 4 2 7 1 3
18 7 11 3 0 6 5 4 7 1 2
18 7 11 3 6 1 5 4 7 0 2
18 7 11 6 7 1 5 3 4 0 2
18 8 10 7 0 5 6 3 4 1 2
18 6 12 6 7 3 5 4 1 0 2
18 7 11 7 0 5 6 4 1 3 2
18 9 9 1 7 5 6 4 0 3 2
18 8 10 7 6 5 2 3 4 0 1
18 8 10 7 6 5 0 3 4 1 2
18 7 11 6 1 7 2 4 5 3 0
18 5 13 6 7 2 3 4 1 5 0
18 10 8 6 7 5 0 2 4 3 1
18 6 12 4 6 5 2 3 0 7 1
17 7 10 4 0 5 2 3 6 7 1
18 6 12 0 2 6 5 4 7 1 3
18 6 12 2 7 6 5 4 0 1 3
18 6 12 2 6 1 5 4 7 3 0
18 10 8 1 7 5 2 4 3 0 6
18 10 8 1 0 5 2 4 7 3 6
18 7 11 7 6 5 0 4 1 3 2
18 5 13 6 5 0 3 4 7 2 1
17 6 11 6 0 5 3 4 7 2 1
18 8 10 6 2 7 3 4 5 0 1
18 10 8 6 2 3 1 4 5 0 7
18 11 7 6 2 3 1 0 5 7 4
18 13 5 6 2 3 4 1 5 7 0
18 13 5 2 0 3 4 6 5 7 1
18 5 13 6 5 0 1 4 7 3 2
17 6 11 6 0 5 1 4 7 3 2
18 6 12 4 6 5 0 7 1 3 2
18 7 11 2 4 5 0 7 6 1 3
18 6 12 4 5 2 0 7 6 1 3
18 6 12 4 5 1 2 7 6 0 3
18 8 10 4 6 5 3 2 0 7 1
18 8 10 3 5 0 2 4 6 7 1
18 10 8 7 6 5 3 2 4 0 1
18 8 10 0 6 1 2 5 4 7 3
18 8 10 6 4 1 2 5 0 7 3
18 8 10 6 5 0 1 2 4 7 3
17 9 8 6 0 5 1 2 4 7 3
18 8 10 6 5 1 3 2 4 7 0
18 10 8 6 5 1 7 2 4 0 3
18 8 10 2 6 0 1 4 5 7 3
18 10 8 2 6 1 4 0 5 7 3
18 8 10 1 6 7 2 4 0 5 3
18 11 7 3 6 5 1 2 4 7 0
18 13 5 3 6 5 7 2 4 0 1
18 7 11 5 4 1 2 6 0 7 3
18 8 10 2 5 0 1 6 4 7 3
18 10 8 6 1 7 3 2 4 5 0
18 15 3 2 0 3 4 5 6 7 1
18 8 10 0 2 7 5 6 4 1 3
18 7 11 5 0 2 4 6 7 1 3
17 8 9 5 2 0 4 6 7 1 3
18 8 10 0 6 7 5 3 4 1 2
18 7 11 0 6 7 5 4 1 3 2
18 7 11 2 6 1 5 0 4 7 3
17 8 9 0 6 1 5 2 4 7 3
18 10 8 5 2 1 0 4 6 7 3
18 9 9 7 1 5 2 4 3 0 6
18 13 5 1 7 5 0 2 4 3 6
18 9 9 6 0 2 3 5 4 7 1
17 10 7 6 2 0 3 5 4 7 1
17 11 6 6 2 3 0 5 4 7 1
18 8 10 4 6 2 3 0 5 7 1
18 10 8 1 6 2 3 4 5 7 0
18 11 7 4 2 3 6 0 5 7 1
18 13 5 1 2 3 6 4 5 7 0
18 11 7 1 3 5 2 4 6 7 0
18 9 9 6 1 2 0 5 4 7 3
18 12 6 1 6 5 3 2 4 0 7
18 12 6 1 6 5 0 2 4 7 3
18 8 10 5 1 2 0 6 4 7 3
18 8 10 5 1 7 2 6 4 0 3
18 8 10 6 1 7 5 4 3 0 2
18 12 6 4 2 1 0 5 6 7 3
18 12 6 2 1 5 4 0 6 7 3
18 10 8 0 1 5 2 7 4 3 6
18 12 6 7 1 5 0 2 4 3 6
18 8 10 5 0 2 3 6 4 7 1
17 9 8 5 2 0 3 6 4 7 1
17 10 7 5 2 3 0 6 4 7 1
18 10 8 1 5 2 3 6 4 7 0
18 11 7 2 4 1 0 5 6 7 3
18 13 5 1 2 4 0 6 5 7 3
18 9 9 0 1 7 5 6 4 3 2
18 11 7 6 1 7 5 2 4 0 3
18 15 3 1 2 4 0 5 6 7 3
18 6 12 6 5 2 1 4 0 7 3
18 8 10 6 0 5 3 2 7 1 4
18 7 11 6 0 7 2 3 4 5 1
18 9 9 6 0 7 3 2 4 5 1
18 9 9 3 0 7 5 6 4 1 2
18 6 12 0 5 2 3 6 7 1 4
18 7 11 2 6 3 0 4 7 5 1
18 9 9 1 0 2 6 4 5 7 3
17 10 7 1 2 0 6 4 5 7 3
18 10 8 6 1 2 3 5 0 7 4
18 10 8 0 1 2 3 6 5 7 4
18 8 10 2 6 5 1 0 4 7 3
17 9 8 0 6 5 1 2 4 7 3
17 11 6 1 6 5 0 2 4 7 3
18 9 9 2 5 0 1 4 6 7 3
18 10 8 4 2 5 1 0 6 7 3
18 12 6 1 2 0 5 4 6 7 3
18 14 4 1 2 5 4 0 6 7 3
18 9 9 2 5 0 4 7 6 1 3
18 10 8 7 2 5 4 0 6 1 3
18 8 10 0 5 2 7 6 4 1 3
18 6 12 5 2 0 6 4 7 1 3
18 7 11 6 0 2 4 7 5 1 3
17 8 9 6 2 0 4 7 5 1 3
18 10 8 6 2 1 4 5 7 0 3
17 11 6 6 2 1 4 5 0 7 3
18 8 10 0 3 6 5 4 7 1 2
18 8 10 7 1 5 6 4 0 3 2
18 10 8 1 7 5 6 0 4 3 2
18 10 8 0 6 5 7 3 4 1 2
18 8 10 0 4 5 2 3 6 7 1
18 8 10 4 5 0 2 3 6 7 1
18 7 11 2 7 6 5 0 4 1 3
17 8 9 0 7 6 5 2 4 1 3
18 11 7 1 7 5 2 4 3 6 0
18 9 9 0 6 5 7 4 1 3 2
18 6 12 6 5 3 0 4 7 2 1
18 7 11 0 6 5 3 4 7 2 1
18 7 11 6 7 5 3 4 0 2 1
18 12 6 6 2 3 1 5 0 7 4
18 12 6 0 2 3 1 6 5 7 4
18 6 12 6 5 3 1 4 7 0 2
17 7 10 6 5 3 1 4 0 7 2
17 8 9 6 0 3 1 4 5 7 2
18 7 11 0 6 5 1 4 7 3 2
18 7 11 6 7 5 1 4 0 3 2
18 8 10 2 4 5 3 7 6 1 0
18 7 11 4 5 2 3 7 6 1 0
18 8 10 0 5 2 4 7 6 1 3
18 9 9 4 0 5 3 2 6 7 1
18 9 9 6 5 7 1 2 4 0 3
18 11 7 2 6 1 4 5 0 7 3
17 12 5 2 0 1 4 5 6 7 3
17 13 4 0 2 1 4 5 6 7 3
17 13 4 2 1 0 4 5 6 7 3
18 9 9 1 6 7 2 0 4 5 3
18 8 10 5 4 1 2 0 6 7 3
18 16 2 0 2 3 4 5 6 7 1
18 9 9 5 2 1 4 6 7 0 3
17 10 7 5 2 1 4 6 0 7 3
17 11 6 5 2 1 4 0 6 7 3
16 12 4 0 2 1 4 5 6 7 3
18 9 9 3 6 7 5 0 4 1 2
18 9 9 6 0 1 5 2 4 7 3
18 11 7 5 2 1 3 4 6 7 0
18 10 8 7 1 5 2 4 3 6 0
18 12 6 6 2 3 1 5 4 7 0
18 9 9 4 6 2 3 5 0 7 1
17 10 7 4 0 2 3 5 6 7 1
16 11 5 4 2 0 3 5 6 7 1
16 12 4 4 2 3 0 5 6 7 1
16 14 2 0 2 3 4 5 6 7 1
17 13 4 4 2 3 1 5 6 7 0
17 17 0 1 2 3 4 5 6 7 0
