11 0 11 5 3 2 4 7 0 1 6
12 1 11 5 3 2 4 0 7 1 6
12 1 11 5 3 2 4 7 1 0 6
12 2 10 0 3 2 4 5 7 1 6
12 2 10 5 3 2 4 7 1 6 0
13 1 12 5 0 2 4 7 3 1 6
12 2 10 5 2 0 4 7 3 1 6
13 2 11 5 3 0 4 7 1 2 6
13 3 10 3 0 2 4 5 7 1 6
12 4 8 3 2 0 4 5 7 1 6
13 3 10 5 3 2 0 7 1 6 4
13 3 10 5 2 1 4 7 3 0 6
13 3 10 5 0 3 4 7 1 2 6
13 5 8 3 2 1 4 5 7 0 6
12 6 6 3 2 1 4 5 0 7 6
13 4 9 5 1 3 4 7 0 2 6
14 3 11 5 3 2 4 6 7 1 0
14 4 10 5 3 2 0 4 7 1 6
14 4 10 5 3 2 4 0 1 6 7
14 2 12 0 5 2 4 7 3 1 6
14 3 11 5 2 4 0 7 3 1 6
14 3 11 5 3 4 0 7 1 2 6
14 4 10 3 7 2 4 5 0 1 6
14 5 9 3 2 4 0 5 7 1 6
14 4 10 5 3 0 2 7 1 6 4
14 5 9 0 3 2 5 7 1 6 4
14 6 8 5 3 2 7 0 1 6 4
14 4 10 5 2 1 4 7 0 3 6
14 4 10 5 2 1 4 7 3 6 0
14 4 10 0 5 3 4 7 1 2 6
14 6 8 3 2 1 4 5 7 6 0
14 7 7 3 2 1 4 0 5 7 6
14 5 9 5 1 3 4 0 7 2 6
13 6 7 0 1 3 4 5 7 2 6
13 7 6 1 0 3 4 5 7 2 6
14 5 9 5 1 3 4 7 2 0 6
14 5 9 0 3 2 4 5 1 6 7
14 8 6 1 7 3 4 5 0 2 6
15 4 11 4 3 2 0 5 7 1 6
15 5 10 7 3 2 4 5 0 1 6
15 5 10 6 3 2 4 5 7 1 0
15 5 10 5 3 0 4 7 1 6 2
15 5 10 0 3 2 4 7 1 6 5
15 7 8 3 0 1 4 5 2 7 6
15 4 11 5 3 2 4 6 7 0 1
14 5 9 5 3 2 4 6 0 7 1
14 6 8 5 3 2 4 0 6 7 1
13 7 6 0 3 2 4 5 6 7 1
14 8 6 3 0 2 4 5 6 7 1
13 9 4 3 2 0 4 5 6 7 1
14 10 4 1 3 2 4 5 6 7 0
15 5 10 5 3 0 2 4 7 1 6
15 6 9 0 3 2 5 4 7 1 6
15 5 10 5 3 2 4 1 0 6 7
15 3 12 7 5 2 4 0 3 1 6
15 4 11 5 2 4 6 7 3 1 0
15 5 10 0 3 4 5 7 1 2 6
15 6 9 5 3 4 7 0 1 2 6
15 5 10 3 7 2 4 5 1 0 6
15 6 9 3 2 4 6 5 7 1 0
15 7 8 0 2 4 3 5 7 1 6
15 6 9 7 3 2 5 0 1 6 4
15 8 7 1 3 2 5 7 0 6 4
15 7 8 5 3 2 7 1 0 6 4
15 7 8 0 3 2 7 5 1 6 4
15 8 7 5 3 2 7 4 1 6 0
15 5 10 5 2 1 4 0 7 3 6
14 6 8 0 2 1 4 5 7 3 6
15 6 9 5 2 1 4 0 3 6 7
14 7 7 0 2 1 4 5 3 6 7
15 5 10 7 5 3 4 0 1 2 6
15 7 8 1 5 3 4 7 0 2 6
15 8 7 0 2 1 4 3 5 7 6
15 9 6 3 2 1 4 6 5 7 0
15 7 8 5 1 3 4 6 7 2 0
15 6 9 5 1 3 4 7 2 6 0
15 6 9 3 0 2 4 5 1 6 7
14 7 7 3 2 0 4 5 1 6 7
15 8 7 1 3 2 4 5 0 6 7
14 9 5 1 3 2 4 5 6 0 7
15 9 6 1 7 3 4 5 2 0 6
15 8 7 3 1 0 4 5 2 7 6
15 6 9 5 0 2 4 6 3 7 1
14 7 7 5 2 0 4 6 3 7 1
15 10 5 3 2 4 0 5 6 7 1
15 6 9 5 3 2 4 1 6 0 7
15 8 7 1 0 3 4 7 5 2 6
15 7 8 3 1 2 4 5 0 6 7
14 8 6 3 1 2 4 5 6 0 7
14 9 5 3 1 2 4 5 6 7 0
15 8 7 3 2 6 4 5 1 0 7
15 10 5 1 3 0 4 5 6 2 7
14 11 3 1 0 3 4 5 6 2 7
15 7 8 5 3 2 4 1 6 7 0
15 9 6 3 1 0 4 5 6 2 7
15 9 6 3 2 6 4 5 1 7 0
16 4 12 5 0 2 4 3 7 1 6
15 5 10 5 2 0 4 3 7 1 6
16 4 12 5 3 2 0 6 7 1 4
16 5 11 5 3 2 6 4 7 1 0
16 7 9 5 3 2 0 4 1 6 7
16 5 11 0 2 4 5 7 3 1 6
16 4 12 5 3 4 6 7 1 2 0
16 5 11 3 7 2 4 0 5 1 6
16 6 10 3 0 2 5 7 1 6 4
16 9 7 7 1 3 4 5 0 2 6
16 9 7 6 1 3 4 5 7 2 0
16 8 8 1 3 0 4 5 7 2 6
16 9 7 1 7 3 4 0 5 2 6
16 5 11 4 3 0 2 5 7 1 6
16 6 10 7 3 2 4 5 1 0 6
16 6 10 7 0 2 4 5 3 1 6
15 7 8 7 2 0 4 5 3 1 6
16 6 10 6 3 2 4 5 7 0 1
15 7 8 6 3 2 4 5 0 7 1
16 6 10 5 0 3 4 7 1 6 2
16 6 10 5 3 4 0 7 1 6 2
16 6 10 7 3 2 4 0 1 6 5
16 8 8 1 3 2 4 7 0 6 5
16 8 8 0 3 1 4 5 2 7 6
16 5 11 5 3 0 4 6 7 2 1
15 6 9 5 0 3 4 6 7 2 1
16 10 6 3 2 7 4 5 6 0 1
16 6 10 5 3 1 2 4 7 0 6
16 4 12 7 5 2 4 3 0 1 6
16 5 11 7 5 2 4 6 3 1 0
16 5 11 5 2 4 6 7 3 0 1
16 6 10 5 2 4 6 0 3 1 7
15 7 8 0 2 4 6 5 3 1 7
16 6 10 7 3 4 5 0 1 2 6
16 8 8 1 3 4 5 7 0 2 6
16 7 9 5 3 4 7 1 0 2 6
16 7 9 0 3 4 7 5 1 2 6
16 6 10 3 7 2 4 5 1 6 0
16 6 10 3 7 0 4 5 1 2 6
16 7 9 3 2 4 6 5 7 0 1
15 8 7 3 2 4 6 5 0 7 1
16 7 9 7 3 2 5 1 0 6 4
16 8 8 7 3 2 5 4 1 6 0
16 9 7 1 3 2 5 0 7 6 4
16 10 6 1 3 2 7 5 0 6 4
16 7 9 5 2 1 4 6 7 3 0
16 7 9 2 0 1 4 5 7 3 6
16 7 9 5 2 1 4 3 0 6 7
15 8 7 5 2 1 4 3 6 0 7
15 9 6 5 2 1 4 3 6 7 0
16 8 8 2 0 1 4 5 3 6 7
16 6 10 7 5 3 4 1 0 2 6
16 7 9 7 5 3 4 6 1 2 0
16 8 8 7 0 3 4 5 1 2 6
16 8 8 1 5 3 4 0 7 2 6
16 8 8 1 5 3 4 7 2 0 6
16 8 8 5 1 3 4 6 7 0 2
15 9 6 5 1 3 4 6 0 7 2
15 10 5 5 1 3 4 0 6 7 2
14 11 3 0 1 3 4 5 6 7 2
14 12 2 1 0 3 4 5 6 7 2
16 8 8 5 1 3 4 0 2 6 7
15 9 6 0 1 3 4 5 2 6 7
15 10 5 1 0 3 4 5 2 6 7
14 11 3 1 2 3 4 5 0 6 7
13 12 1 1 2 3 4 5 6 0 7
13 13 0 1 2 3 4 5 6 7 0
