9 0 9 1 2 0 7 6 3 5 4
9 1 8 1 2 5 7 6 3 0 4
10 1 9 1 2 7 0 6 3 5 4
9 2 7 1 2 7 4 6 3 5 0
10 2 8 1 2 5 7 6 0 3 4
10 2 8 1 2 5 7 6 3 4 0
10 3 7 1 2 7 4 6 3 0 5
9 4 5 1 2 0 4 6 3 7 5
10 3 7 1 0 5 7 6 2 3 4
11 1 10 1 0 2 7 6 3 5 4
10 2 8 1 3 2 7 6 0 5 4
11 5 6 1 2 0 4 6 3 5 7
11 3 8 1 2 5 7 0 6 3 4
11 3 8 1 2 5 0 6 3 4 7
11 4 7 1 2 5 7 0 3 4 6
11 4 7 1 2 7 4 6 0 3 5
11 5 6 1 2 4 0 6 3 7 5
11 3 8 1 3 2 7 0 6 5 4
11 3 8 1 3 2 7 6 5 0 4
11 5 6 1 2 7 4 0 6 3 5
11 7 4 1 2 7 4 5 6 3 0
12 4 8 1 2 7 4 0 3 5 6
12 5 7 1 0 2 4 6 3 7 5
12 4 8 0 1 5 7 6 2 3 4
12 6 6 1 2 5 4 6 3 0 7
12 5 7 1 2 5 7 4 6 3 0
12 6 6 1 0 5 7 2 6 3 4
12 4 8 1 2 0 5 6 3 4 7
12 5 7 1 2 5 7 3 0 4 6
11 6 5 1 2 5 7 3 4 0 6
11 7 4 1 2 5 7 3 4 6 0
12 7 5 1 0 5 7 2 3 4 6
11 8 3 1 3 5 7 2 0 4 6
10 9 1 1 3 5 7 2 4 0 6
10 10 0 1 3 5 7 2 4 6 0
