8 0 8 1 2 0 7 6 3 5 4
8 1 7 1 2 7 0 6 3 5 4
8 1 7 1 2 5 7 6 3 0 4
8 2 6 1 2 7 4 6 3 5 0
9 1 8 1 0 2 7 6 3 5 4
9 2 7 1 2 5 7 6 0 3 4
9 2 7 1 2 5 7 6 3 4 0
9 3 6 1 2 7 4 6 3 0 5
9 2 7 1 3 2 7 6 0 5 4
9 3 6 1 2 5 7 0 6 3 4
9 4 5 1 2 7 4 6 0 3 5
9 4 5 1 2 0 4 6 3 7 5
9 5 4 1 2 7 4 0 6 3 5
9 7 2 1 2 7 4 5 6 3 0
10 3 7 1 0 5 7 6 2 3 4
10 4 6 1 2 5 7 0 3 4 6
10 3 7 1 3 2 7 0 6 5 4
11 4 7 1 2 7 5 6 3 0 4
11 4 7 1 2 7 4 0 3 5 6
11 5 6 1 2 0 4 6 3 5 7
11 2 9 0 1 2 7 6 3 5 4
11 3 8 1 2 5 0 6 3 4 7
11 3 8 1 3 2 7 6 5 0 4
11 4 7 0 2 5 7 1 6 3 4
11 5 6 1 0 7 4 6 2 3 5
11 5 6 1 2 4 0 6 3 7 5
11 6 5 0 2 7 4 1 6 3 5
11 8 3 1 2 7 4 5 6 0 3
11 8 3 1 2 7 0 5 6 3 4
11 7 4 1 0 5 7 2 3 4 6
11 5 6 1 3 2 7 4 6 5 0
11 5 6 1 2 7 5 6 0 3 4
11 5 6 1 2 0 5 6 3 7 4
11 9 2 1 2 0 4 5 6 7 3
11 8 3 1 3 5 7 2 0 4 6
10 9 1 1 3 5 7 2 4 0 6
10 10 0 1 3 5 7 2 4 6 0
