8 0 8 5 7 3 2 0 6 1 4
8 1 7 0 7 3 2 5 6 1 4
9 2 7 7 0 3 2 5 6 1 4
9 3 6 2 7 3 0 5 6 1 4
9 4 5 2 7 3 4 5 6 1 0
10 1 9 5 7 3 2 6 0 1 4
10 5 5 2 7 3 4 5 6 0 1
11 2 9 5 7 3 2 4 6 1 0
11 3 8 5 0 3 2 7 6 1 4
11 3 8 5 7 3 0 2 6 1 4
11 3 8 7 6 3 2 5 0 1 4
11 4 7 2 7 0 3 5 6 1 4
11 2 9 5 7 3 2 6 1 0 4
11 2 9 5 0 3 2 6 7 1 4
11 4 7 5 7 3 4 2 6 1 0
11 5 6 2 0 7 3 5 6 1 4
11 6 5 0 2 7 3 5 6 1 4
12 4 8 4 7 3 2 5 6 1 0
12 3 9 7 3 0 2 5 6 1 4
12 6 6 2 7 3 1 5 6 0 4
12 6 6 2 7 0 4 5 6 3 1
12 3 9 5 7 3 2 4 6 0 1
12 3 9 5 7 3 0 4 6 1 2
12 4 8 7 6 3 2 5 1 0 4
12 5 7 2 7 1 3 5 6 0 4
12 5 7 5 7 3 4 2 6 0 1
12 7 5 2 0 7 4 5 6 3 1
12 8 4 0 2 7 4 5 6 3 1
13 4 9 6 7 3 2 5 0 1 4
13 6 7 2 7 3 4 0 6 1 5
13 7 6 0 7 3 4 5 6 1 2
13 6 7 2 7 3 4 5 0 6 1
13 4 9 0 5 3 2 7 6 1 4
13 4 9 5 6 3 2 7 0 1 4
13 4 9 5 7 0 3 2 6 1 4
13 4 9 7 6 3 2 0 5 1 4
13 3 10 5 7 3 2 6 1 4 0
13 3 10 5 7 0 2 6 1 3 4
13 3 10 0 5 3 2 6 7 1 4
13 6 7 5 7 3 4 0 6 1 2
13 6 7 2 6 7 3 5 0 1 4
13 7 6 5 2 7 3 0 6 1 4
13 5 8 4 7 3 2 5 6 0 1
13 5 8 4 7 3 0 5 6 1 2
13 4 9 7 3 2 0 5 6 1 4
13 4 9 7 3 1 2 5 6 0 4
13 11 2 1 2 7 4 5 6 3 0
13 5 8 5 0 7 3 2 6 1 4
13 4 9 5 0 7 2 6 1 3 4
13 5 8 7 3 2 4 5 6 1 0
13 5 8 5 1 7 2 6 0 3 4
13 6 7 5 1 7 2 0 6 3 4
13 7 6 0 1 7 2 5 6 3 4
13 8 5 1 0 7 2 5 6 3 4
14 6 8 2 7 3 5 0 6 1 4
14 7 7 2 7 0 4 5 6 1 3
14 4 10 5 3 0 2 7 6 1 4
14 5 9 0 7 3 5 2 6 1 4
14 6 8 5 7 3 1 2 6 0 4
14 3 11 5 3 0 2 6 7 1 4
14 8 6 3 2 7 0 5 6 1 4
14 7 7 2 7 3 1 5 6 4 0
14 7 7 2 7 0 1 5 6 3 4
14 7 7 2 7 4 0 5 6 3 1
14 4 10 5 7 0 2 4 6 3 1
14 4 10 5 7 0 3 4 6 1 2
14 5 9 7 6 3 2 5 1 4 0
14 5 9 7 6 0 2 5 1 3 4
14 6 8 2 7 1 3 5 6 4 0
14 6 8 5 7 0 4 2 6 3 1
14 8 6 2 6 7 4 5 0 3 1
14 9 5 5 2 7 4 0 6 3 1
14 5 9 6 7 3 2 5 1 0 4
14 5 9 6 0 3 2 5 7 1 4
14 8 6 7 0 3 4 5 6 1 2
14 7 7 2 0 3 4 5 7 6 1
14 5 9 7 5 3 2 0 6 1 4
14 6 8 2 5 3 0 7 6 1 4
14 5 9 5 6 3 2 0 7 1 4
14 5 9 5 6 3 2 7 1 0 4
14 5 9 5 7 1 3 2 6 0 4
14 5 9 0 6 3 2 7 5 1 4
14 4 10 5 7 3 0 6 1 4 2
14 4 10 5 7 2 0 6 1 3 4
14 5 9 2 5 3 0 6 7 1 4
14 7 7 2 6 7 3 5 1 0 4
14 6 8 7 3 2 4 5 6 0 1
14 9 5 2 1 7 0 5 6 3 4
14 8 6 2 0 7 4 5 6 1 3
14 9 5 3 2 7 4 5 6 1 0
14 8 6 2 0 7 1 5 6 3 4
14 5 9 5 0 7 2 4 6 3 1
14 5 9 5 0 7 3 4 6 1 2
14 7 7 5 0 7 4 2 6 3 1
14 6 8 0 6 3 2 5 7 1 4
14 8 6 0 2 3 4 5 7 6 1
14 7 7 2 5 3 4 7 6 1 0
14 5 9 5 7 2 4 6 1 3 0
14 6 8 2 5 3 4 6 7 1 0
14 8 6 2 6 0 3 5 1 7 4
14 10 4 2 1 7 4 5 6 3 0
14 9 5 0 2 7 4 5 6 1 3
14 9 5 0 2 7 1 5 6 3 4
14 9 5 2 6 3 0 5 1 7 4
14 11 3 1 2 7 0 5 6 3 4
14 10 4 2 6 3 4 5 1 7 0
15 5 10 0 7 3 2 4 6 1 5
15 7 8 0 7 3 4 2 6 1 5
15 9 6 4 2 7 3 5 6 1 0
15 7 8 2 7 3 1 5 0 6 4
15 4 11 5 7 3 2 4 0 6 1
15 5 10 0 7 3 5 4 6 1 2
15 6 9 5 7 3 1 4 6 0 2
15 6 9 2 7 1 3 5 0 6 4
15 6 9 5 7 3 4 2 0 6 1
15 5 10 6 7 3 2 0 5 1 4
15 7 8 2 7 3 4 6 0 1 5
15 7 8 2 7 3 4 0 5 6 1
15 4 11 6 5 3 2 0 7 1 4
15 7 8 5 7 3 4 6 0 1 2
15 7 8 2 6 7 3 0 5 1 4
15 8 7 5 2 7 3 6 0 1 4
15 6 9 4 7 0 2 5 6 3 1
15 6 9 4 7 0 3 5 6 1 2
15 6 9 0 3 2 7 5 6 1 4
15 5 10 7 3 1 2 5 0 6 4
15 5 10 7 3 1 2 5 6 4 0
15 12 3 1 2 7 4 5 6 0 3
15 6 9 0 5 7 3 2 6 1 4
15 6 9 5 6 7 3 2 0 1 4
15 5 10 0 5 7 2 6 1 3 4
15 8 7 0 3 2 4 5 6 1 7
15 6 9 5 1 7 2 6 3 0 4
15 9 6 1 7 0 2 5 6 3 4
15 9 6 1 6 7 2 5 0 3 4
15 8 7 2 7 1 4 5 6 0 3
15 5 10 5 3 2 0 7 6 1 4
15 5 10 5 3 1 2 7 6 0 4
15 6 9 7 0 3 5 2 6 1 4
15 4 11 5 3 2 0 6 7 1 4
15 4 11 5 3 1 2 6 7 0 4
14 5 9 5 3 1 2 6 0 7 4
14 6 8 5 3 1 2 0 6 7 4
14 7 7 0 3 1 2 5 6 7 4
15 8 7 2 7 3 0 5 6 4 1
15 8 7 2 7 1 0 5 6 3 4
15 8 7 2 7 4 1 5 6 3 0
15 5 10 5 7 2 0 4 6 3 1
15 5 10 5 7 1 3 4 6 0 2
15 6 9 7 6 3 0 5 1 4 2
15 6 9 7 6 2 0 5 1 3 4
15 11 4 5 2 7 4 1 6 3 0
15 7 8 2 6 3 0 7 5 1 4
15 7 8 5 7 3 4 6 1 0 2
15 7 8 7 3 0 4 5 6 2 1
14 8 6 7 0 3 4 5 6 2 1
15 10 5 3 2 7 4 5 6 0 1
15 8 7 2 6 3 0 5 7 1 4
15 11 4 1 2 3 4 5 7 6 0
15 8 7 2 5 3 4 7 6 0 1
15 9 6 2 5 3 4 0 6 1 7
15 7 8 2 5 3 4 6 7 0 1
14 8 6 2 5 3 4 6 0 7 1
14 9 5 2 5 3 4 0 6 7 1
14 9 5 2 0 3 4 6 5 7 1
14 10 4 0 2 3 4 6 5 7 1
15 5 10 5 7 3 2 0 4 6 1
15 7 8 5 7 3 4 0 2 6 1
15 6 9 0 7 3 2 6 5 1 4
15 7 8 4 0 7 2 5 6 3 1
15 7 8 4 0 7 3 5 6 1 2
15 13 2 1 2 0 4 5 6 7 3
15 7 8 2 5 7 3 0 6 1 4
15 7 8 5 6 7 3 0 2 1 4
15 7 8 5 1 0 2 6 3 7 4
15 10 5 1 7 3 2 5 6 0 4
15 9 6 2 7 1 4 5 6 3 0
15 6 9 5 3 2 4 7 6 1 0
15 5 10 5 3 2 4 6 7 1 0
15 6 9 5 0 1 2 6 3 7 4
15 8 7 3 0 1 2 5 6 7 4
15 9 6 2 3 1 0 5 6 7 4
15 7 8 7 6 2 4 5 1 3 0
15 8 7 2 6 3 4 7 5 1 0
15 9 6 0 7 3 4 5 6 2 1
15 11 4 3 2 0 4 5 6 7 1
15 9 6 2 6 3 4 5 7 1 0
15 11 4 2 5 3 4 1 6 7 0
15 12 3 2 0 3 4 5 6 7 1
15 13 2 1 2 3 4 6 5 7 0
15 8 7 0 7 3 4 5 2 6 1
15 8 7 0 6 7 3 5 2 1 4
15 9 6 3 1 0 2 5 6 7 4
15 10 5 2 3 1 4 5 6 7 0
15 13 2 0 2 3 4 5 6 7 1
16 5 11 5 7 0 2 4 6 1 3
16 7 9 5 7 0 4 2 6 1 3
16 9 7 6 2 7 3 5 0 1 4
16 6 10 4 7 3 2 0 6 1 5
16 10 6 4 2 7 0 5 6 3 1
16 9 7 2 0 3 4 7 6 1 5
16 6 10 7 6 3 2 4 5 1 0
16 7 9 7 0 3 2 6 5 1 4
16 7 9 7 6 3 0 2 5 1 4
16 5 11 5 7 3 2 0 1 4 6
16 6 10 7 5 3 2 6 0 1 4
16 9 7 5 0 3 4 7 6 1 2
16 9 7 5 2 7 3 4 6 1 0
16 6 10 4 7 3 2 5 0 6 1
16 8 8 4 7 3 1 5 6 0 2
16 7 9 7 3 2 1 5 6 0 4
16 14 2 1 2 0 4 5 6 3 7
16 8 8 7 3 0 4 5 6 1 2
16 8 8 5 1 7 2 4 6 3 0
16 9 7 5 0 7 2 1 6 3 4
16 9 7 5 1 7 0 2 6 3 4
16 7 9 2 7 3 5 6 0 1 4
16 8 8 2 7 4 0 5 6 1 3
16 7 9 5 7 3 1 2 6 4 0
16 7 9 5 7 0 1 2 6 3 4
16 9 7 3 2 0 7 5 6 1 4
16 8 8 0 6 3 2 5 1 4 7
16 6 10 7 0 6 2 5 1 3 4
16 7 9 2 7 1 0 5 6 4 3
16 7 9 5 7 4 0 2 6 3 1
16 9 7 2 6 7 4 0 5 3 1
16 9 7 2 6 7 4 5 3 0 1
16 10 6 5 2 7 4 6 0 3 1
16 6 10 6 7 3 2 5 1 4 0
16 6 10 6 7 0 2 5 1 3 4
16 9 7 7 6 3 4 5 0 1 2
16 7 9 2 5 0 3 7 6 1 4
16 6 10 5 6 3 2 7 1 4 0
16 6 10 5 6 0 2 7 1 3 4
16 6 10 5 7 1 3 2 0 6 4
16 6 10 5 7 1 3 2 6 4 0
16 6 10 6 0 3 2 7 5 1 4
16 5 11 5 7 0 3 6 1 4 2
16 6 10 2 5 0 3 6 7 1 4
16 8 8 2 6 7 3 5 1 4 0
16 10 6 2 1 0 7 5 6 3 4
16 9 7 2 6 7 4 5 0 1 3
16 9 7 2 6 7 1 5 0 3 4
16 6 10 0 5 7 2 4 6 3 1
16 6 10 5 6 7 2 4 0 3 1
16 6 10 0 5 7 3 4 6 1 2
16 6 10 5 6 7 3 4 0 1 2
16 8 8 0 5 7 4 2 6 3 1
16 8 8 5 6 7 4 2 0 3 1
16 9 7 5 2 3 4 0 7 6 1
16 6 10 5 7 2 4 6 1 0 3
16 9 7 2 0 6 3 5 1 7 4
16 11 5 2 1 7 4 5 6 0 3
16 10 6 5 2 7 4 0 6 1 3
16 10 6 5 2 7 1 0 6 3 4
16 12 4 1 2 0 7 5 6 3 4
16 11 5 2 6 3 4 5 1 0 7
16 6 10 7 0 3 2 4 6 1 5
16 7 9 2 7 3 0 4 6 1 5
16 8 8 7 0 3 4 2 6 1 5
16 10 6 4 2 7 3 5 6 0 1
16 8 8 2 0 3 1 5 7 6 4
16 5 11 5 0 3 2 4 7 6 1
15 6 9 5 3 0 2 4 7 6 1
16 6 10 7 0 3 5 4 6 1 2
16 6 10 4 7 3 5 0 6 1 2
16 7 9 5 7 3 1 4 6 2 0
16 7 9 2 0 1 3 5 7 6 4
16 7 9 5 0 3 4 2 7 6 1
16 8 8 2 7 3 4 6 1 0 5
16 8 8 2 0 3 4 6 7 1 5
16 9 7 2 7 3 4 1 5 6 0
16 5 11 6 5 3 2 7 0 1 4
16 8 8 5 0 3 4 6 7 1 2
16 9 7 5 2 7 3 6 1 0 4
16 7 9 4 7 2 0 5 6 3 1
16 7 9 4 7 1 3 5 6 0 2
16 7 9 3 0 2 7 5 6 1 4
15 8 7 3 2 0 7 5 6 1 4
16 6 10 7 3 1 2 0 5 6 4
16 6 10 7 3 1 0 5 6 4 2
16 7 9 5 6 7 3 2 1 0 4
16 7 9 2 5 7 0 6 1 3 4
16 8 8 1 5 7 2 6 0 3 4
16 9 7 3 0 2 4 5 6 1 7
15 10 5 3 2 0 4 5 6 1 7
16 10 6 1 7 2 0 5 6 3 4
16 6 10 5 3 1 2 7 0 6 4
16 7 9 7 3 0 5 2 6 1 4
16 6 10 5 7 2 1 4 6 3 0
16 8 8 5 7 2 4 0 6 3 1
16 6 10 5 7 1 3 4 6 2 0
16 9 7 7 6 3 4 5 1 0 2
16 8 8 5 7 3 4 6 1 2 0
16 9 7 7 6 3 4 5 0 2 1
16 12 4 1 2 3 4 5 7 0 6
15 13 2 1 2 3 4 5 0 7 6
16 12 4 2 0 3 4 5 6 1 7
16 10 6 0 5 3 4 2 6 7 1
16 11 5 6 2 3 4 0 5 7 1
16 6 10 0 7 3 2 5 4 6 1
16 7 9 5 7 3 2 1 4 6 0
16 8 8 5 7 3 0 2 4 6 1
16 9 7 5 7 3 4 1 2 6 0
16 8 8 2 7 3 0 6 5 1 4
16 8 8 0 4 7 2 5 6 3 1
16 8 8 0 4 7 3 5 6 1 2
16 8 8 5 1 2 0 6 3 7 4
16 7 9 5 3 2 4 7 6 0 1
16 8 8 5 3 2 4 0 6 1 7
16 6 10 5 3 2 4 6 7 0 1
15 7 8 5 3 2 4 6 0 7 1
15 8 7 5 3 2 4 0 6 7 1
15 9 6 0 3 2 4 5 6 7 1
16 10 6 2 3 0 1 5 6 7 4
15 11 4 2 0 3 1 5 6 7 4
15 12 3 0 2 3 1 5 6 7 4
15 14 1 1 2 3 0 5 6 7 4
15 15 0 1 2 3 4 5 6 7 0
