10 0 10 6 1 4 2 3 0 7 5
11 1 10 6 1 4 2 0 3 7 5
11 2 9 0 1 4 2 6 3 7 5
11 3 8 6 1 4 2 5 3 7 0
11 3 8 1 0 4 2 6 3 7 5
12 1 11 6 0 4 2 3 1 7 5
12 4 8 2 1 4 0 6 3 7 5
12 4 8 6 1 4 0 5 3 7 2
12 4 8 1 3 4 2 6 0 7 5
12 2 10 0 6 4 2 3 1 7 5
12 5 7 2 1 0 4 6 3 7 5
12 5 7 6 1 0 4 5 3 7 2
12 5 7 1 3 4 2 0 6 7 5
12 7 5 1 3 4 2 5 6 7 0
13 1 12 6 1 4 2 3 7 0 5
13 5 8 5 1 4 2 6 3 7 0
13 4 9 6 1 4 2 5 3 0 7
13 4 9 1 4 0 2 6 3 7 5
13 5 8 2 1 4 5 6 3 7 0
13 3 10 3 6 4 2 0 1 7 5
13 4 9 2 6 4 0 3 1 7 5
13 5 8 1 6 4 2 3 0 7 5
13 8 5 1 3 4 0 5 6 7 2
13 5 8 6 1 4 2 5 0 3 7
13 4 9 3 6 4 2 1 0 7 5
13 5 8 3 6 4 2 5 1 7 0
13 5 8 2 6 0 4 3 1 7 5
13 6 7 1 0 4 2 3 6 7 5
13 9 4 1 3 0 4 5 6 7 2
12 10 2 1 0 3 4 5 6 7 2
13 5 8 3 0 4 2 1 6 7 5
14 4 10 6 0 4 2 1 3 7 5
14 4 10 6 1 4 0 2 3 7 5
14 5 9 3 1 4 2 6 0 7 5
14 6 8 6 1 0 2 5 3 7 4
14 6 8 0 1 4 2 5 3 7 6
14 2 12 6 4 0 2 3 1 7 5
14 6 8 0 1 4 6 5 3 7 2
14 5 9 5 6 4 2 3 1 7 0
14 6 8 2 0 1 4 6 3 7 5
14 6 8 2 1 7 4 6 3 0 5
14 6 8 6 0 1 4 5 3 7 2
14 6 8 6 1 7 4 5 3 0 2
14 6 8 0 3 4 2 1 6 7 5
14 8 6 1 3 4 2 5 6 0 7
14 2 12 6 1 4 2 3 7 5 0
14 6 8 5 1 4 0 6 3 7 2
14 5 9 1 4 2 0 6 3 7 5
14 5 9 1 4 7 2 6 3 0 5
14 5 9 2 6 4 5 3 1 7 0
14 6 8 1 6 4 2 0 3 7 5
14 6 8 3 6 4 0 5 1 7 2
14 11 3 0 1 3 4 5 6 7 2
14 11 3 1 6 3 4 5 0 7 2
14 5 9 0 6 4 2 1 3 7 5
14 5 9 6 1 0 4 2 3 7 5
14 5 9 6 1 4 5 2 3 7 0
14 6 8 3 1 4 2 0 6 7 5
14 7 7 1 0 4 2 5 3 7 6
14 7 7 1 0 4 6 5 3 7 2
14 7 7 0 2 1 4 6 3 7 5
14 7 7 2 1 7 4 6 0 3 5
14 7 7 0 6 1 4 5 3 7 2
14 7 7 6 1 7 4 5 0 3 2
14 7 7 5 1 0 4 6 3 7 2
14 6 8 1 4 7 2 6 3 5 0
14 8 6 1 6 4 2 5 3 7 0
14 7 7 3 6 0 4 5 1 7 2
14 6 8 6 1 4 5 2 3 0 7
14 8 6 3 1 4 2 5 6 7 0
14 8 6 2 1 7 4 0 6 3 5
14 10 4 2 1 7 4 5 6 3 0
15 5 10 1 3 4 2 6 7 0 5
15 8 7 1 3 4 0 2 6 7 5
15 10 5 1 3 0 2 5 6 7 4
14 11 3 1 0 3 2 5 6 7 4
15 2 13 6 1 0 2 3 7 4 5
15 6 9 5 1 4 2 6 3 0 7
15 5 10 6 1 0 2 5 3 4 7
15 6 9 2 1 4 5 6 3 0 7
15 7 8 2 6 4 3 0 1 7 5
15 6 9 6 1 4 2 0 5 3 7
15 6 9 6 0 4 2 5 1 3 7
15 6 9 3 6 4 2 5 1 0 7
15 6 9 2 0 6 4 3 1 7 5
15 6 9 2 6 7 4 3 1 0 5
15 7 8 0 1 4 2 3 6 7 5
15 7 8 1 4 0 2 3 6 7 5
15 10 5 1 3 7 4 5 6 0 2
15 6 9 3 4 0 2 1 6 7 5
15 5 10 6 3 4 2 1 0 7 5
15 7 8 6 1 4 7 2 3 0 5
15 7 8 6 1 2 0 5 3 7 4
15 8 7 2 1 4 0 5 3 7 6
15 3 12 6 4 2 0 3 1 7 5
15 3 12 6 4 7 2 3 1 0 5
15 6 9 5 6 4 0 3 1 7 2
15 7 8 2 3 1 4 6 0 7 5
15 7 8 2 1 7 4 6 3 5 0
15 7 8 6 3 1 4 5 0 7 2
15 7 8 6 1 7 4 5 3 2 0
15 8 7 2 3 4 0 1 6 7 5
15 3 12 6 1 4 0 3 7 5 2
15 6 9 1 4 2 5 6 3 7 0
15 6 9 1 4 7 2 6 0 3 5
15 8 7 0 6 4 3 5 1 7 2
15 7 8 2 6 4 0 1 3 7 5
15 6 9 6 1 7 4 2 3 0 5
15 8 7 1 3 4 2 5 0 7 6
15 8 7 1 3 4 6 5 0 7 2
15 7 8 1 4 7 0 6 3 5 2
15 8 7 1 4 7 2 0 3 5 6
15 9 6 1 6 4 0 5 3 7 2
15 7 8 6 1 0 5 2 3 4 7
15 9 6 3 1 4 0 5 6 7 2
15 6 9 1 3 4 2 6 7 5 0
15 9 6 1 3 0 4 2 6 7 5
14 10 4 1 0 3 4 2 6 7 5
15 7 8 5 1 4 2 6 0 3 7
15 7 8 2 1 4 5 6 0 3 7
15 8 7 2 6 4 3 1 0 7 5
15 9 6 2 6 4 3 5 1 7 0
15 7 8 0 1 4 2 6 5 3 7
15 7 8 0 6 4 2 5 1 3 7
15 7 8 0 2 6 4 3 1 7 5
15 7 8 2 1 6 4 3 0 7 5
15 8 7 6 1 4 7 2 3 5 0
15 8 7 6 1 2 4 5 3 7 0
15 9 6 2 1 0 4 5 3 7 6
15 4 11 6 4 7 2 3 1 5 0
15 7 8 5 6 0 4 3 1 7 2
15 8 7 2 3 1 4 0 6 7 5
15 9 6 2 3 0 4 1 6 7 5
14 10 4 2 0 3 4 1 6 7 5
14 11 3 0 2 3 4 1 6 7 5
14 12 2 1 2 3 4 0 6 7 5
14 14 0 1 2 3 4 5 6 7 0
