0 0 10 6 1 4 2 3 0 7 5
0 0 10 6 1 4 2 0 3 7 5
0 0 8 6 1 4 2 5 3 7 0
0 0 8 6 1 4 0 5 3 7 2
0 0 7 6 1 0 4 5 3 7 2
0 0 8 6 1 0 2 5 3 7 4
0 0 8 0 1 4 2 5 3 7 6
0 0 7 1 0 4 2 5 3 7 6
0 0 7 2 1 4 0 5 3 7 6
0 0 6 2 1 0 4 5 3 7 6
0 0 7 1 3 4 2 5 0 7 6
0 0 7 2 1 4 6 5 3 7 0
0 0 7 2 0 1 4 5 3 7 6
0 0 6 0 2 1 4 5 3 7 6
0 0 6 3 2 1 4 5 0 7 6
0 0 6 6 2 1 4 5 3 7 0
0 0 6 6 2 0 4 5 3 7 1
0 0 7 2 1 7 4 5 3 0 6
0 0 6 2 1 7 4 5 0 3 6
0 0 7 2 1 0 6 5 3 7 4
0 0 7 2 3 1 4 5 0 7 6
0 0 7 5 2 1 4 0 3 7 6
0 0 6 5 2 1 4 6 3 7 0
0 0 6 5 2 0 4 6 3 7 1
0 0 7 3 2 1 4 0 5 7 6
0 0 6 3 2 1 4 6 5 7 0
0 0 6 3 2 0 4 6 5 7 1
0 0 6 0 2 1 4 6 5 7 3
0 0 6 5 2 1 4 6 0 7 3
0 0 5 5 2 1 4 0 6 7 3
0 0 4 0 2 1 4 5 6 7 3
0 0 4 3 2 1 4 5 6 7 0
0 0 4 3 2 0 4 5 6 7 1
0 0 5 5 2 1 4 3 6 7 0
0 0 5 2 0 1 4 5 6 7 3
0 0 4 2 1 0 4 5 6 7 3
0 0 5 3 2 1 4 5 6 0 7
0 0 5 3 2 1 0 5 6 7 4
0 0 4 0 2 1 3 5 6 7 4
0 0 5 3 2 4 0 5 6 7 1
0 0 4 0 2 4 3 5 6 7 1
0 0 2 1 2 4 3 5 6 7 0
0 0 2 1 2 0 3 5 6 7 4
0 0 1 1 2 3 0 5 6 7 4
0 0 0 1 2 3 4 5 6 7 0
