9 0 9 3 2 5 7 0 6 1 4
10 1 9 3 2 5 7 6 0 1 4
10 2 8 3 2 5 7 4 6 1 0
10 3 7 3 0 5 7 2 6 1 4
10 2 8 3 0 5 7 6 2 1 4
10 4 6 0 3 5 7 2 6 1 4
10 3 7 0 3 5 7 6 2 1 4
11 1 10 0 2 5 7 3 6 1 4
11 2 9 3 2 5 7 6 1 0 4
11 3 8 3 2 5 7 4 6 0 1
10 4 6 3 2 5 7 4 0 6 1
10 5 5 3 2 5 7 0 4 6 1
10 5 5 3 0 5 7 4 2 6 1
10 6 4 0 3 5 7 4 2 6 1
11 4 7 3 6 5 7 2 0 1 4
11 4 7 6 3 5 7 0 2 1 4
11 8 3 3 0 5 7 2 4 6 1
11 9 2 1 3 5 7 4 2 6 0
11 5 6 6 3 5 7 2 0 1 4
11 9 2 0 3 5 7 2 4 6 1
12 3 9 3 2 5 0 4 6 1 7
12 2 10 2 0 5 7 3 6 1 4
12 3 9 3 2 5 7 6 1 4 0
12 6 6 0 2 5 7 3 4 6 1
12 7 5 3 2 5 7 1 4 6 0
12 7 5 4 3 5 7 0 2 6 1
12 5 7 3 6 5 7 2 1 0 4
12 6 6 6 3 5 7 4 2 1 0
12 6 6 6 3 5 7 2 1 0 4
12 12 0 1 3 5 7 2 4 6 0
