9 0 9 6 1 0 7 4 2 5 3
8 1 7 6 1 5 7 4 2 0 3
9 2 7 6 1 5 7 4 2 3 0
10 2 8 6 1 5 7 4 0 2 3
10 3 7 6 1 5 7 0 4 2 3
11 1 10 6 0 1 7 4 2 5 3
11 1 10 6 1 7 0 4 2 5 3
11 5 6 0 1 5 7 4 2 3 6
11 4 7 0 1 5 7 6 4 2 3
11 6 5 1 0 5 7 4 2 3 6
11 5 6 1 0 5 7 6 4 2 3
12 3 9 6 1 5 0 4 2 3 7
12 4 8 6 1 5 7 0 2 3 4
12 3 9 6 0 5 7 4 1 2 3
12 5 7 6 1 5 7 3 4 2 0
12 2 10 0 6 1 7 4 2 5 3
12 2 10 6 1 7 3 4 2 5 0
12 5 7 6 1 5 7 2 0 3 4
13 2 11 6 2 1 7 4 0 5 3
13 3 10 0 1 7 6 4 2 5 3
13 4 9 6 1 7 5 4 2 0 3
13 6 7 4 1 5 7 0 2 3 6
13 7 6 3 1 5 7 6 4 2 0
13 7 6 1 2 5 7 4 0 3 6
13 5 8 0 1 5 7 6 2 3 4
13 4 9 0 6 5 7 4 1 2 3
13 6 7 6 1 5 7 3 4 0 2
13 3 10 6 1 7 3 4 2 0 5
13 6 7 6 1 5 7 2 3 0 4
13 3 10 6 2 1 7 0 4 5 3
13 4 9 1 0 7 6 4 2 5 3
13 7 6 4 1 5 7 2 0 3 6
13 8 5 1 2 5 7 0 4 3 6
13 6 7 1 0 5 7 6 2 3 4
14 5 9 6 1 0 7 4 2 3 5
14 6 8 6 0 5 7 1 4 2 3
14 7 7 1 5 0 7 4 2 3 6
14 6 8 1 5 0 7 6 4 2 3
14 6 8 1 4 5 7 6 0 2 3
14 4 10 6 1 0 5 4 2 3 7
14 5 9 0 1 5 6 4 2 3 7
14 8 6 0 1 5 7 3 4 2 6
14 3 11 4 6 1 7 0 2 5 3
14 5 9 3 6 1 7 4 2 5 0
14 5 9 0 1 7 3 4 2 5 6
14 6 8 6 0 5 7 2 1 3 4
14 3 11 6 2 1 7 4 5 0 3
14 5 9 6 1 7 5 4 2 3 0
14 8 6 3 1 5 7 6 4 0 2
14 9 5 3 1 5 7 0 4 2 6
14 8 6 1 2 5 7 4 3 0 6
14 7 7 1 6 5 7 4 0 2 3
14 4 10 6 1 0 3 4 2 7 5
14 7 7 6 1 5 7 2 3 4 0
14 4 10 0 2 1 7 6 4 5 3
14 6 8 6 0 1 7 2 4 5 3
14 8 6 4 1 5 7 2 3 0 6
14 11 3 1 0 5 7 2 4 3 6
14 7 7 1 4 5 7 6 2 0 3
14 6 8 1 0 5 6 4 2 3 7
14 9 5 1 0 5 7 3 4 2 6
14 4 10 4 6 1 7 2 0 5 3
14 6 8 1 0 7 3 4 2 5 6
14 9 5 1 2 5 7 4 3 6 0
14 8 6 1 6 5 7 0 4 2 3
14 8 6 1 6 5 7 4 2 0 3
14 5 9 6 1 3 0 4 2 7 5
14 7 7 6 1 0 7 2 4 5 3
13 8 5 6 1 5 7 2 4 0 3
14 9 5 4 1 5 7 2 3 6 0
14 9 5 6 1 5 7 2 4 3 0
15 6 9 6 1 5 0 7 4 2 3
15 4 11 6 1 7 4 0 2 5 3
15 7 8 7 1 5 0 4 2 3 6
15 8 7 2 1 5 7 4 0 3 6
15 6 9 7 1 5 0 6 4 2 3
15 6 9 6 1 5 3 4 2 0 7
15 4 11 6 5 0 7 4 1 2 3
15 6 9 6 1 5 0 3 4 2 7
15 4 11 6 1 7 3 0 2 5 4
15 4 11 4 1 7 6 0 2 5 3
15 6 9 3 1 7 6 4 2 5 0
15 5 10 6 1 7 5 4 0 2 3
15 5 10 6 1 0 5 4 2 7 3
15 5 10 4 6 5 7 0 1 2 3
15 7 8 3 6 5 7 4 1 2 0
15 4 11 6 1 7 3 4 0 2 5
15 5 10 6 2 1 7 3 4 5 0
15 5 10 1 7 0 6 4 2 5 3
14 6 8 1 7 5 6 4 2 0 3
15 5 10 1 2 7 6 4 0 5 3
15 8 7 4 0 5 7 2 1 3 6
15 7 8 1 2 5 7 6 0 3 4
15 6 9 6 1 3 7 4 2 0 5
15 7 8 0 6 5 7 1 4 2 3
15 8 7 1 5 3 7 4 2 0 6
15 7 8 1 5 2 7 6 4 0 3
15 7 8 1 4 5 7 0 6 2 3
15 5 10 6 1 3 5 4 2 0 7
15 6 9 3 6 1 7 4 2 0 5
15 7 8 3 1 7 0 4 2 5 6
15 7 8 0 6 5 7 2 1 3 4
15 4 11 6 2 1 7 4 5 3 0
15 4 11 6 2 0 7 4 5 1 3
15 8 7 1 0 5 7 4 6 2 3
15 5 10 2 0 1 7 6 4 5 3
15 7 8 0 6 1 7 2 4 5 3
15 8 7 1 4 5 7 6 2 3 0
15 5 10 4 6 1 7 2 5 0 3
15 5 10 4 0 1 7 2 6 5 3
15 9 6 1 6 5 7 4 2 3 0
15 6 9 6 1 3 5 4 2 7 0
15 8 7 6 1 3 4 0 2 7 5
15 5 10 6 1 7 4 2 0 5 3
15 5 10 0 1 7 4 6 2 5 3
15 9 6 2 1 5 7 0 4 3 6
14 10 4 0 1 5 7 2 4 3 6
15 5 10 6 1 7 3 2 0 5 4
15 5 10 4 1 7 6 2 0 5 3
15 6 9 6 1 7 5 0 4 2 3
15 6 9 6 1 5 0 4 2 7 3
15 5 10 6 1 7 3 0 4 2 5
15 7 8 1 7 5 6 4 2 3 0
15 6 9 1 2 7 6 0 4 5 3
15 6 9 1 2 7 6 4 5 0 3
14 7 7 1 2 0 6 4 5 7 3
15 9 6 1 5 3 7 4 2 6 0
15 8 7 3 1 0 7 4 2 5 6
14 9 5 3 1 5 7 4 2 0 6
14 10 4 3 1 5 7 4 2 6 0
15 5 10 6 2 1 0 4 5 3 7
15 6 9 2 1 0 7 6 4 5 3
14 7 7 2 1 5 7 6 4 0 3
15 6 9 4 1 0 7 2 6 5 3
14 7 7 4 1 5 7 2 6 0 3
13 8 5 4 1 5 7 2 0 6 3
15 9 6 0 1 3 4 6 2 7 5
15 10 5 6 1 3 4 5 2 7 0
15 6 9 1 0 7 4 6 2 5 3
14 7 7 1 2 7 4 6 0 5 3
14 8 6 1 2 7 4 0 6 5 3
14 8 6 1 2 7 4 6 5 0 3
13 9 4 1 2 0 4 6 5 7 3
15 8 7 1 7 5 0 4 2 3 6
15 8 7 1 2 6 0 4 5 7 3
15 8 7 2 1 5 7 6 4 3 0
15 8 7 4 1 5 7 2 6 3 0
15 9 6 4 1 5 7 0 2 6 3
15 9 6 4 0 5 7 2 1 6 3
15 10 5 1 0 3 4 6 2 7 5
14 11 3 1 2 3 4 6 0 7 5
14 12 2 1 2 3 4 0 6 7 5
14 14 0 1 2 3 4 5 6 7 0
