12 0 12 3 4 2 1 0 7 5 6
13 1 12 3 4 2 1 7 0 5 6
12 2 10 3 0 2 1 7 4 5 6
12 3 9 0 3 2 1 7 4 5 6
12 5 7 1 3 2 0 7 4 5 6
13 3 10 3 2 0 1 7 4 5 6
12 4 8 3 2 5 1 7 4 0 6
12 5 7 3 2 5 1 7 4 6 0
13 4 9 7 3 2 1 0 4 5 6
13 6 7 1 3 0 2 7 4 5 6
12 7 5 1 3 5 2 7 4 0 6
12 8 4 1 3 5 2 7 4 6 0
13 8 5 1 3 2 7 0 4 5 6
13 6 7 3 2 5 0 7 4 6 1
13 9 4 1 3 5 0 7 4 6 2
14 1 13 0 4 2 1 3 7 5 6
14 3 11 3 0 2 1 4 7 5 6
14 2 12 3 4 2 1 7 5 0 6
14 6 8 1 3 2 6 7 4 5 0
14 8 6 1 3 2 5 7 4 0 6
14 4 10 3 2 1 0 7 4 5 6
14 7 7 3 2 5 1 0 4 6 7
14 10 4 1 3 5 2 0 4 6 7
14 9 5 3 2 5 7 0 4 6 1
14 12 2 1 3 5 7 0 4 6 2
14 3 11 1 4 2 0 3 7 5 6
14 4 10 0 3 2 1 4 7 5 6
14 3 11 3 4 2 1 7 5 6 0
14 9 5 1 3 2 5 7 4 6 0
14 14 0 1 3 5 7 2 4 6 0
