12 0 12 4 7 1 2 3 6 5 0
13 1 12 4 7 1 2 3 6 0 5
13 1 12 4 7 1 0 3 6 5 2
13 3 10 0 7 1 4 3 6 5 2
14 2 12 4 7 1 2 0 6 5 3
14 2 12 4 7 1 2 3 0 6 5
14 2 12 4 7 0 2 3 6 1 5
14 2 12 4 7 0 1 3 6 5 2
14 4 10 7 0 1 4 3 6 5 2
14 4 10 3 7 1 4 0 6 5 2
14 5 9 7 1 0 4 3 6 5 2
15 3 12 4 7 0 2 3 6 5 1
15 3 12 0 7 1 2 3 6 5 4
15 4 11 4 7 1 3 0 6 5 2
15 6 9 2 7 1 4 3 6 5 0
15 3 12 0 7 1 2 4 6 5 3
15 3 12 4 7 1 2 0 3 6 5
15 3 12 4 0 1 2 3 7 6 5
15 3 12 4 0 7 2 3 6 1 5
15 3 12 4 7 2 0 3 6 1 5
15 3 12 4 0 7 1 3 6 5 2
15 3 12 4 7 5 1 3 6 0 2
14 4 10 4 7 5 1 3 0 6 2
15 6 9 7 1 5 4 3 6 0 2
15 4 11 0 7 1 2 4 3 6 5
15 4 11 4 1 0 2 3 7 6 5
15 5 10 0 7 2 4 3 6 1 5
15 5 10 4 7 5 1 0 3 6 2
15 5 10 4 0 5 1 3 7 6 2
15 6 9 0 7 5 1 4 3 6 2
15 7 8 4 7 5 1 2 3 6 0
15 8 7 1 7 5 0 4 3 6 2
16 4 12 4 7 1 5 3 6 0 2
16 3 13 4 7 1 2 6 0 5 3
16 5 11 3 7 1 4 6 0 5 2
16 6 10 3 7 1 4 2 6 5 0
16 6 10 7 1 4 0 3 6 5 2
16 4 12 4 0 7 2 3 6 5 1
16 4 12 4 7 2 0 3 6 5 1
16 4 12 4 7 5 2 3 6 0 1
15 5 10 4 7 5 2 3 0 6 1
16 4 12 7 0 1 2 3 6 5 4
16 4 12 3 7 1 2 0 6 5 4
16 5 11 2 7 1 0 3 6 5 4
16 5 11 0 7 1 3 4 6 5 2
16 7 9 2 7 1 4 3 6 0 5
16 4 12 7 0 1 2 4 6 5 3
16 5 11 2 7 1 0 4 6 5 3
16 6 10 4 7 1 0 2 3 6 5
16 4 12 0 4 1 2 3 7 6 5
16 4 12 0 4 7 2 3 6 1 5
16 4 12 4 7 2 5 3 6 1 0
16 4 12 0 4 7 1 3 6 5 2
16 4 12 4 7 5 1 3 6 2 0
16 7 9 7 1 5 4 3 0 6 2
16 7 9 7 1 5 4 3 6 2 0
16 5 11 7 0 1 2 4 3 6 5
15 6 9 7 3 1 2 4 0 6 5
15 7 8 7 3 1 2 0 4 6 5
16 5 11 4 1 2 0 3 7 6 5
16 6 10 7 0 2 4 3 6 1 5
15 7 8 7 2 0 4 3 6 1 5
16 6 10 3 7 2 4 0 6 1 5
16 6 10 0 4 5 1 3 7 6 2
16 7 9 7 0 5 1 4 3 6 2
15 8 7 7 3 5 1 4 0 6 2
15 9 6 7 3 5 1 0 4 6 2
15 11 4 7 3 5 1 2 4 6 0
16 8 8 4 7 5 0 2 3 6 1
16 9 7 1 7 5 2 4 3 6 0
16 5 11 4 7 1 5 3 0 6 2
16 4 12 4 7 1 2 6 5 0 3
16 6 10 3 7 1 4 6 5 0 2
16 6 10 0 7 2 4 3 6 5 1
16 6 10 4 7 5 2 0 3 6 1
16 6 10 4 0 5 2 3 7 6 1
16 5 11 7 1 0 2 3 6 5 4
16 5 11 7 1 0 2 4 6 5 3
16 6 10 2 7 1 3 4 6 5 0
16 7 9 4 7 1 5 2 3 6 0
16 5 11 3 4 1 2 0 7 6 5
16 6 10 1 4 7 0 3 6 5 2
16 6 10 7 1 0 2 4 3 6 5
16 8 8 0 3 1 2 7 4 6 5
16 10 6 7 3 1 0 2 4 6 5
16 6 10 4 1 2 5 3 7 6 0
16 8 8 7 2 1 4 3 6 0 5
16 8 8 3 7 2 4 5 6 1 0
16 7 9 3 4 5 1 0 7 6 2
16 8 8 1 4 5 0 3 7 6 2
16 10 6 0 3 5 1 7 4 6 2
16 12 4 7 3 5 0 2 4 6 1
16 7 9 0 7 5 2 4 3 6 1
16 6 10 7 1 5 2 4 6 0 3
15 7 8 7 1 5 2 4 0 6 3
15 8 7 7 1 5 2 0 4 6 3
16 11 5 7 3 1 5 2 4 6 0
16 12 4 0 3 1 7 2 4 6 5
16 9 7 3 4 5 1 2 7 6 0
16 12 4 1 3 5 0 7 4 6 2
16 14 2 0 3 5 7 2 4 6 1
16 9 7 0 1 5 2 7 4 6 3
16 11 5 7 1 5 0 2 4 6 3
16 10 6 1 0 5 2 7 4 6 3
16 13 3 0 1 5 7 2 4 6 3
16 14 2 1 0 5 7 2 4 6 3
17 5 12 4 0 1 2 7 6 5 3
17 5 12 4 7 1 0 2 6 5 3
17 5 12 7 6 1 4 3 0 5 2
17 7 10 3 0 1 4 7 6 5 2
17 5 12 4 7 1 3 6 0 5 2
17 6 11 4 7 1 3 2 6 5 0
17 8 9 2 7 1 4 0 6 5 3
17 5 12 4 7 1 2 5 3 6 0
17 4 13 4 6 7 2 3 0 1 5
17 6 11 4 7 2 3 0 6 1 5
17 4 13 4 6 7 1 3 0 5 2
17 6 11 2 7 1 0 4 3 6 5
17 7 10 3 7 1 2 4 0 6 5
17 9 8 3 7 5 1 4 0 6 2
17 8 9 4 7 5 1 2 3 0 6
17 9 8 1 7 0 5 4 3 6 2
17 5 12 4 7 1 5 3 6 2 0
17 5 12 4 7 0 5 3 6 1 2
17 4 13 4 0 1 2 6 7 5 3
17 6 11 3 0 1 4 6 7 5 2
17 7 10 3 7 1 4 2 6 0 5
17 7 10 7 1 4 2 3 6 5 0
17 5 12 0 4 7 2 3 6 5 1
17 5 12 4 7 2 1 3 6 5 0
17 5 12 4 7 5 2 3 6 1 0
17 6 11 2 7 0 1 3 6 5 4
17 6 11 7 0 1 3 4 6 5 2
17 8 9 2 7 0 4 3 6 1 5
17 6 11 2 7 0 1 4 6 5 3
17 7 10 4 7 0 1 2 3 6 5
17 5 12 3 4 7 2 0 6 1 5
17 6 11 2 4 7 0 3 6 1 5
17 5 12 4 7 2 5 3 6 0 1
17 5 12 3 4 7 1 0 6 5 2
17 5 12 4 7 5 0 3 6 2 1
17 8 9 7 1 5 4 0 3 6 2
17 9 8 7 3 1 2 5 4 6 0
17 8 9 7 2 4 0 3 6 1 5
17 12 5 7 3 5 1 2 4 0 6
17 6 11 4 7 1 5 0 3 6 2
17 6 11 4 0 1 5 3 7 6 2
17 5 12 4 7 1 2 6 5 3 0
17 5 12 4 7 0 2 6 5 1 3
17 7 10 3 7 1 4 6 5 2 0
17 7 10 3 7 0 4 6 5 1 2
17 7 10 7 0 2 4 3 6 5 1
16 8 8 7 2 0 4 3 6 5 1
17 7 10 3 7 2 4 0 6 5 1
17 9 8 1 7 2 4 3 6 5 0
17 7 10 0 4 5 2 3 7 6 1
17 6 11 7 1 2 0 3 6 5 4
16 7 9 7 1 2 4 3 6 5 0
17 6 11 7 1 5 2 3 6 0 4
16 7 9 7 1 5 2 3 0 6 4
17 6 11 7 1 2 0 4 6 5 3
17 7 10 2 7 1 3 4 6 0 5
17 6 11 3 4 1 2 7 0 6 5
16 7 9 3 0 1 2 7 4 6 5
16 8 8 3 1 0 2 7 4 6 5
17 8 9 3 4 1 0 2 7 6 5
17 7 10 1 4 0 7 3 6 5 2
16 8 8 1 4 5 7 3 6 0 2
15 9 6 1 4 5 7 3 0 6 2
14 10 4 1 0 5 7 3 4 6 2
16 10 6 1 4 5 7 0 3 6 2
16 11 5 0 1 5 7 3 4 6 2
16 12 4 1 4 5 7 2 3 6 0
16 12 4 3 1 5 7 0 4 6 2
16 14 2 3 1 5 7 2 4 6 0
17 7 10 1 4 7 2 3 6 5 0
17 7 10 7 1 2 0 4 3 6 5
17 11 6 7 3 0 1 2 4 6 5
17 9 8 7 2 1 4 3 6 5 0
17 9 8 3 7 2 4 5 6 0 1
17 8 9 3 4 5 1 7 0 6 2
16 9 7 3 0 5 1 7 4 6 2
17 9 8 1 4 5 2 3 7 6 0
17 8 9 7 0 5 2 4 3 6 1
16 9 7 7 3 5 2 4 0 6 1
16 10 6 7 3 5 2 0 4 6 1
17 7 10 7 1 5 2 4 6 3 0
17 8 9 7 0 5 2 4 1 6 3
17 10 7 7 1 5 2 3 4 6 0
17 10 7 3 4 5 0 2 7 6 1
17 13 4 1 3 5 2 7 4 6 0
17 15 2 1 3 5 7 0 4 6 2
17 17 0 1 3 5 7 2 4 6 0
