12 0 12 4 7 1 2 3 6 5 0
13 1 12 4 7 1 2 3 6 0 5
13 1 12 4 7 1 0 3 6 5 2
13 3 10 0 7 1 4 3 6 5 2
14 2 12 4 7 1 2 0 6 5 3
14 3 11 0 7 1 2 3 6 5 4
14 2 12 4 7 1 2 3 0 6 5
14 2 12 4 7 0 2 3 6 1 5
14 2 12 4 7 0 1 3 6 5 2
14 4 10 7 0 1 4 3 6 5 2
14 4 10 3 7 1 4 0 6 5 2
14 3 11 4 7 1 2 0 3 6 5
14 3 11 4 0 7 2 3 6 1 5
14 3 11 4 0 7 1 3 6 5 2
14 5 9 7 1 0 4 3 6 5 2
14 4 10 0 7 1 2 4 3 6 5
15 3 12 4 7 0 2 3 6 5 1
15 4 11 4 7 1 3 0 6 5 2
15 6 9 2 7 1 4 3 6 5 0
15 3 12 0 7 1 2 4 6 5 3
15 4 11 7 0 1 2 3 6 5 4
15 4 11 3 7 1 2 0 6 5 4
15 5 10 2 7 1 0 3 6 5 4
15 3 12 4 0 1 2 3 7 6 5
15 3 12 4 7 2 0 3 6 1 5
15 3 12 4 7 5 1 3 6 0 2
14 4 10 4 7 5 1 3 0 6 2
14 5 9 4 7 5 1 0 3 6 2
14 6 8 0 7 5 1 4 3 6 2
14 7 7 4 7 5 1 2 3 6 0
14 8 6 1 7 5 0 4 3 6 2
15 6 9 4 7 1 0 2 3 6 5
15 4 11 0 4 7 2 3 6 1 5
15 4 11 0 4 7 1 3 6 5 2
15 6 9 7 1 5 4 3 6 0 2
15 5 10 7 0 1 2 4 3 6 5
15 6 9 2 7 1 0 4 3 6 5
15 4 11 4 0 7 2 3 6 5 1
15 5 10 7 1 0 2 3 6 5 4
15 4 11 0 4 1 2 3 7 6 5
15 4 11 4 1 0 2 3 7 6 5
15 5 10 0 7 2 4 3 6 1 5
15 5 10 4 0 5 1 3 7 6 2
15 7 8 7 0 5 1 4 3 6 2
15 8 7 4 7 5 0 2 3 6 1
15 9 6 1 7 5 2 4 3 6 0
15 7 8 4 7 1 5 2 3 6 0
15 5 10 3 4 7 1 0 6 5 2
15 6 9 1 4 7 0 3 6 5 2
15 6 9 7 1 0 2 4 3 6 5
15 6 9 7 3 1 2 4 0 6 5
15 7 8 2 7 1 5 4 3 6 0
15 5 10 3 4 1 2 0 7 6 5
15 6 9 0 4 5 1 3 7 6 2
15 8 7 7 3 5 1 4 0 6 2
15 7 8 3 4 7 1 2 6 5 0
15 7 8 1 4 0 7 3 6 5 2
15 7 8 7 3 1 2 0 4 6 5
15 7 8 3 4 5 1 0 7 6 2
15 8 7 1 4 5 0 3 7 6 2
15 9 6 7 3 5 1 0 4 6 2
15 8 7 1 4 5 7 3 6 0 2
14 9 5 1 4 5 7 3 0 6 2
14 10 4 1 4 5 7 0 3 6 2
14 10 4 1 0 5 7 3 4 6 2
14 12 2 1 4 5 7 2 3 6 0
15 9 6 3 4 5 1 2 7 6 0
15 11 4 7 3 5 1 2 4 6 0
16 4 12 4 7 1 5 3 6 0 2
16 3 13 4 7 1 2 6 0 5 3
16 5 11 4 7 1 0 2 6 5 3
16 5 11 7 6 1 4 3 0 5 2
16 5 11 3 7 1 4 6 0 5 2
16 6 10 3 7 1 4 2 6 5 0
16 5 11 4 7 1 2 5 3 6 0
16 4 12 4 6 7 2 3 0 1 5
16 4 12 4 6 7 1 3 0 5 2
16 6 10 7 1 4 0 3 6 5 2
16 4 12 4 7 2 0 3 6 5 1
16 4 12 4 7 5 2 3 6 0 1
15 5 10 4 7 5 2 3 0 6 1
15 6 9 4 7 5 2 0 3 6 1
15 7 8 0 7 5 2 4 3 6 1
16 5 11 0 7 1 3 4 6 5 2
16 7 9 2 7 1 4 3 6 0 5
16 4 12 7 0 1 2 4 6 5 3
16 5 11 2 7 1 0 4 6 5 3
16 6 10 2 7 0 1 3 6 5 4
16 4 12 4 7 2 5 3 6 1 0
16 4 12 4 7 5 1 3 6 2 0
16 8 8 4 7 5 0 1 3 6 2
16 9 7 2 7 5 1 4 3 6 0
16 8 8 4 7 5 1 2 3 0 6
16 9 7 1 7 0 5 4 3 6 2
16 7 9 4 7 0 1 2 3 6 5
16 5 11 3 4 7 2 0 6 1 5
16 6 10 2 4 7 0 3 6 1 5
16 7 9 7 1 5 4 3 0 6 2
16 7 9 7 1 5 4 3 6 2 0
16 7 9 2 7 0 1 4 3 6 5
16 5 11 0 4 7 2 3 6 5 1
16 6 10 7 1 2 0 3 6 5 4
16 6 10 7 1 5 2 3 6 0 4
16 6 10 2 4 1 0 3 7 6 5
16 5 11 4 1 2 0 3 7 6 5
16 6 10 7 0 2 4 3 6 1 5
15 7 8 7 2 0 4 3 6 1 5
16 6 10 3 7 2 4 0 6 1 5
16 6 10 3 4 7 1 6 0 5 2
16 7 9 1 4 7 2 3 6 5 0
16 7 9 7 1 2 0 4 3 6 5
16 6 10 3 4 1 2 7 0 6 5
16 8 8 3 4 1 0 2 7 6 5
16 8 8 3 4 7 0 2 6 5 1
16 8 8 0 3 1 2 7 4 6 5
16 10 6 7 3 1 0 2 4 6 5
16 8 8 3 4 5 1 7 0 6 2
16 9 7 1 4 5 2 3 7 6 0
16 10 6 0 3 5 1 7 4 6 2
16 9 7 1 4 5 7 3 6 2 0
16 11 5 0 4 5 7 1 3 6 2
16 11 5 0 1 5 7 3 4 6 2
16 13 3 1 4 5 7 2 3 0 6
16 13 3 1 4 5 0 2 3 6 7
16 10 6 3 4 5 0 2 7 6 1
16 12 4 7 3 5 0 2 4 6 1
16 5 11 4 7 1 5 3 0 6 2
16 4 12 4 7 1 2 6 5 0 3
16 6 10 7 6 1 4 3 5 0 2
16 6 10 3 7 1 4 6 5 0 2
16 5 11 4 6 7 1 0 3 5 2
16 5 11 4 6 7 1 3 5 0 2
16 6 10 0 7 2 4 3 6 5 1
16 6 10 4 0 5 2 3 7 6 1
16 8 8 4 7 5 2 1 3 6 0
16 8 8 7 0 5 2 4 3 6 1
16 9 7 2 7 5 0 4 3 6 1
16 5 11 7 1 0 2 4 6 5 3
16 6 10 2 7 1 3 4 6 5 0
16 7 9 2 0 7 1 3 6 5 4
16 10 6 1 0 7 5 4 3 6 2
16 8 8 4 0 7 1 2 3 6 5
16 7 9 3 4 7 2 5 6 1 0
16 8 8 7 1 5 4 0 3 6 2
16 8 8 2 0 7 1 4 3 6 5
16 6 10 3 4 7 2 0 6 5 1
16 7 9 7 1 2 4 3 6 5 0
16 7 9 7 1 5 2 3 0 6 4
16 7 9 2 4 1 5 3 7 6 0
16 6 10 4 1 2 5 3 7 6 0
16 8 8 7 2 1 4 3 6 0 5
16 8 8 3 7 2 4 5 6 1 0
16 7 9 3 0 7 1 6 4 5 2
16 8 8 7 1 2 5 4 3 6 0
16 9 7 0 1 2 7 4 3 6 5
16 7 9 3 0 1 2 7 4 6 5
16 9 7 3 4 1 5 2 7 6 0
16 9 7 3 4 0 7 2 6 5 1
16 11 5 7 3 1 5 2 4 6 0
16 12 4 0 3 1 7 2 4 6 5
16 9 7 3 0 5 1 7 4 6 2
16 12 4 1 3 5 0 7 4 6 2
16 12 4 3 1 5 7 0 4 6 2
16 14 2 0 3 5 7 2 4 6 1
16 6 10 4 7 1 5 0 3 6 2
16 5 11 4 7 1 2 6 5 3 0
16 6 10 0 6 7 1 4 3 5 2
16 7 9 4 6 7 1 2 3 5 0
16 6 10 4 6 0 1 3 5 7 2
16 7 9 0 4 5 2 3 7 6 1
16 9 7 7 3 5 2 4 0 6 1
16 6 10 7 1 5 2 4 6 0 3
15 7 8 7 1 5 2 4 0 6 3
15 8 7 7 1 5 2 0 4 6 3
16 8 8 0 2 7 1 3 6 5 4
16 11 5 1 3 7 5 4 0 6 2
16 9 7 0 4 7 1 2 3 6 5
16 9 7 4 3 7 1 2 0 6 5
16 10 6 7 1 5 4 2 3 6 0
16 9 7 2 3 7 1 4 0 6 5
16 8 8 7 1 5 2 0 3 6 4
16 8 8 0 3 7 1 6 4 5 2
16 10 6 1 0 2 7 4 3 6 5
16 8 8 3 1 0 2 7 4 6 5
16 10 6 3 4 5 7 2 6 0 1
15 11 4 3 4 5 7 2 0 6 1
15 12 3 3 0 5 7 2 4 6 1
15 13 2 0 3 5 7 2 4 6 1
16 14 2 3 1 5 7 2 4 6 0
16 7 9 0 7 1 5 4 3 6 2
16 8 8 1 6 7 0 4 3 5 2
16 8 8 3 4 5 2 0 7 6 1
16 10 6 7 3 5 2 0 4 6 1
16 9 7 0 1 5 2 7 4 6 3
16 11 5 7 1 5 0 2 4 6 3
16 10 6 1 2 7 0 3 6 5 4
16 12 4 1 3 7 5 0 4 6 2
16 11 5 1 4 7 0 2 3 6 5
16 10 6 2 3 7 1 0 4 6 5
16 10 6 1 3 7 0 6 4 5 2
16 11 5 1 3 2 7 4 0 6 5
16 16 0 1 3 5 7 2 4 6 0
