12 0 12 6 7 0 1 3 4 2 5
12 1 11 6 0 7 1 3 4 2 5
13 1 12 6 7 1 0 3 4 2 5
13 1 12 6 7 2 1 3 4 0 5
13 2 11 0 6 7 1 3 4 2 5
13 2 11 6 7 1 5 3 4 2 0
13 2 11 6 7 2 1 3 4 5 0
13 3 10 3 6 7 1 0 4 2 5
13 4 9 1 6 7 0 3 4 2 5
13 5 8 1 6 0 7 3 4 2 5
13 5 8 1 6 7 5 3 4 2 0
13 6 7 1 0 6 7 3 4 2 5
14 2 12 6 4 7 1 3 0 2 5
14 3 11 6 7 1 5 3 4 0 2
14 3 11 6 7 2 0 3 4 5 1
14 6 8 1 6 2 7 3 4 0 5
14 6 8 1 6 7 5 3 4 0 2
14 3 11 6 4 7 1 0 3 2 5
14 3 11 6 4 7 1 3 2 0 5
14 7 7 1 6 2 7 3 4 5 0
14 4 10 6 4 7 1 3 2 5 0
15 3 12 0 7 1 6 3 4 2 5
15 4 11 6 7 1 5 0 4 2 3
15 5 10 0 7 1 5 3 4 2 6
15 4 11 6 7 2 1 0 4 5 3
15 5 10 0 7 2 1 3 4 5 6
15 4 11 3 6 7 1 4 0 2 5
15 5 10 3 6 7 1 5 4 2 0
15 6 9 3 6 7 0 1 4 2 5
15 7 8 1 6 7 5 0 4 2 3
15 7 8 0 1 6 7 3 4 2 5
15 7 8 1 4 6 7 3 0 2 5
15 4 11 6 7 0 5 3 4 1 2
15 4 11 6 7 0 2 3 4 5 1
15 4 11 0 4 7 1 6 3 2 5
15 4 11 6 4 0 1 3 2 7 5
15 5 10 6 4 7 0 3 2 5 1
15 4 11 3 7 1 6 0 4 2 5
15 6 9 3 7 1 5 0 4 2 6
15 6 9 3 7 2 1 0 4 5 6
15 7 8 1 7 2 0 3 4 5 6
15 5 10 3 6 7 1 4 2 0 5
15 7 8 3 6 0 7 1 4 2 5
15 7 8 3 6 7 5 1 4 2 0
15 8 7 3 1 6 7 0 4 2 5
15 8 7 1 4 6 7 0 3 2 5
15 8 7 1 4 6 7 3 2 0 5
15 5 10 6 0 7 5 3 4 1 2
15 5 10 6 7 5 0 3 4 1 2
15 5 10 6 0 7 2 3 4 5 1
15 5 10 6 7 5 2 3 4 0 1
15 6 9 1 4 7 0 6 3 2 5
15 5 10 6 0 4 1 3 2 7 5
15 6 9 6 4 0 7 3 2 5 1
15 6 9 3 6 7 1 4 2 5 0
15 8 7 3 0 6 7 1 4 2 5
15 9 6 1 4 6 7 3 2 5 0
15 9 6 1 4 0 7 3 2 6 5
15 7 8 1 4 0 7 6 3 2 5
15 7 8 1 4 7 5 6 3 2 0
15 6 9 0 6 4 1 3 2 7 5
15 6 9 6 2 4 1 3 0 7 5
15 7 8 6 4 5 7 3 2 0 1
15 9 6 0 3 6 7 1 4 2 5
15 8 7 1 6 4 0 3 2 7 5
15 10 5 1 3 6 7 0 4 2 5
15 9 6 1 6 0 4 3 2 7 5
16 4 12 6 7 1 2 3 4 0 5
16 4 12 6 7 1 3 0 4 2 5
16 2 14 6 7 2 1 3 0 4 5
16 5 11 5 6 7 1 3 4 2 0
16 5 11 6 7 0 5 3 4 2 1
16 5 11 6 7 0 1 3 4 5 2
16 6 10 3 0 7 1 6 4 2 5
16 7 9 1 6 7 2 3 4 0 5
16 7 9 1 6 7 3 0 4 2 5
16 8 8 1 6 0 5 3 4 2 7
16 5 11 0 7 2 6 3 4 5 1
16 7 9 1 6 0 5 3 4 7 2
16 5 11 6 4 7 1 5 3 2 0
16 6 10 6 4 7 0 1 3 2 5
16 8 8 1 6 2 0 3 4 5 7
16 9 7 1 6 2 7 0 4 5 3
16 6 10 6 4 7 1 0 2 5 3
16 7 9 0 4 7 1 3 2 5 6
16 4 12 7 0 1 6 3 4 2 5
16 5 11 0 7 1 5 6 4 2 3
16 6 10 7 0 1 5 3 4 2 6
16 5 11 0 7 2 1 6 4 5 3
16 6 10 7 0 2 1 3 4 5 6
16 5 11 3 0 7 1 4 6 2 5
16 6 10 3 6 7 1 5 4 0 2
16 6 10 3 6 7 0 5 4 2 1
16 5 11 6 4 1 0 3 2 7 5
16 8 8 1 7 0 2 3 4 5 6
16 6 10 3 6 0 1 4 2 7 5
16 8 8 3 6 2 7 1 4 0 5
16 8 8 3 6 7 5 1 4 0 2
16 6 10 0 6 7 5 3 4 1 2
16 6 10 6 7 5 2 3 4 1 0
16 6 10 0 6 7 2 3 4 5 1
16 7 9 3 6 7 0 4 2 5 1
16 8 8 1 4 2 7 6 3 0 5
16 8 8 1 4 7 5 6 3 0 2
16 9 7 1 4 7 5 0 3 2 6
16 7 9 3 6 4 1 0 2 7 5
16 7 9 6 2 4 1 0 3 7 5
16 8 8 6 4 5 7 3 2 1 0
16 9 7 1 6 4 5 3 2 7 0
16 5 11 6 7 1 2 3 4 5 0
16 3 13 6 7 2 1 0 3 4 5
16 6 10 6 0 7 5 3 4 2 1
16 6 10 6 7 5 0 3 4 2 1
16 6 10 6 0 7 1 3 4 5 2
16 6 10 6 7 5 1 3 4 0 2
16 7 9 0 3 7 1 6 4 2 5
16 8 8 1 6 7 2 3 4 5 0
16 9 7 1 6 7 3 5 4 2 0
16 9 7 1 0 6 5 3 4 2 7
16 9 7 1 6 5 0 3 4 2 7
16 6 10 3 7 2 6 0 4 5 1
16 8 8 1 0 6 5 3 4 7 2
16 8 8 1 6 5 0 3 4 7 2
16 7 9 6 4 0 7 1 3 2 5
16 7 9 6 4 7 5 1 3 2 0
16 7 9 6 4 7 1 2 0 5 3
16 8 8 3 4 7 1 0 2 5 6
16 9 7 1 4 7 0 3 2 5 6
16 5 11 7 1 0 6 3 4 2 5
16 7 9 7 1 0 5 3 4 2 6
16 7 9 1 7 2 0 6 4 5 3
16 6 10 0 3 7 1 4 6 2 5
16 7 9 3 6 0 1 5 4 7 2
16 7 9 3 6 0 7 5 4 2 1
16 9 7 1 0 7 2 3 4 5 6
16 9 7 1 7 5 2 3 4 0 6
16 9 7 3 6 2 7 1 4 5 0
16 7 9 3 6 7 5 0 4 1 2
16 7 9 3 6 7 2 0 4 5 1
16 8 8 3 6 0 7 4 2 5 1
16 9 7 1 4 2 7 6 3 5 0
16 9 7 3 6 4 1 5 2 7 0
16 8 8 0 2 4 1 6 3 7 5
16 9 7 6 2 4 1 5 3 7 0
16 9 7 1 3 7 0 6 4 2 5
16 10 6 1 6 5 7 3 4 2 0
16 8 8 6 0 7 1 2 4 5 3
16 9 7 3 4 7 1 2 0 5 6
16 10 6 1 4 0 7 3 2 5 6
16 6 10 7 1 6 0 3 4 2 5
16 8 8 7 1 5 0 3 4 2 6
16 8 8 1 3 7 0 4 6 2 5
16 8 8 3 0 6 7 5 4 2 1
16 10 6 1 7 5 2 3 4 6 0
16 9 7 3 6 7 5 2 4 1 0
16 9 7 3 0 6 7 4 2 5 1
16 9 7 3 6 5 7 4 2 0 1
16 10 6 1 2 4 0 6 3 7 5
16 10 6 1 3 0 7 6 4 2 5
16 10 6 1 3 7 5 6 4 2 0
16 10 6 3 0 7 1 2 4 5 6
16 11 5 1 4 5 7 3 2 0 6
16 7 9 7 1 6 5 3 4 2 0
16 10 6 0 1 5 7 3 4 2 6
16 9 7 1 3 0 7 4 6 2 5
16 9 7 1 3 7 5 4 6 2 0
16 9 7 0 3 6 7 5 4 2 1
16 10 6 0 3 6 7 4 2 5 1
16 11 5 1 2 0 4 6 3 7 5
16 11 5 0 3 7 1 2 4 5 6
16 12 4 1 4 5 7 3 2 6 0
16 11 5 1 0 5 7 3 4 2 6
16 11 5 3 1 5 7 0 4 2 6
16 13 3 1 3 7 0 2 4 5 6
16 14 2 1 3 0 7 2 4 5 6
16 15 1 1 3 5 7 2 4 0 6
16 16 0 1 3 5 7 2 4 6 0
