11 0 11 2 4 5 1 7 0 3 6
10 1 9 2 0 5 1 7 4 3 6
11 2 9 0 2 5 1 7 4 3 6
11 4 7 1 2 5 0 7 4 3 6
12 1 11 2 4 5 1 0 7 3 6
11 2 9 0 4 5 1 2 7 3 6
11 4 7 1 4 5 0 2 7 3 6
12 1 11 2 4 5 1 7 3 0 6
12 3 9 7 2 5 1 0 4 3 6
12 7 5 1 2 5 7 0 4 3 6
12 3 9 4 0 5 1 2 7 3 6
12 2 10 2 4 5 1 7 3 6 0
13 2 11 2 5 0 1 7 4 3 6
13 5 8 1 2 0 5 7 4 3 6
13 5 8 1 2 5 6 7 4 3 0
13 5 8 1 4 0 5 2 7 3 6
13 5 8 1 4 5 6 2 7 3 0
13 6 7 7 0 5 1 2 4 3 6
13 10 3 1 0 5 7 2 4 3 6
13 4 9 4 7 5 1 2 0 3 6
13 3 10 2 4 5 0 7 3 6 1
14 7 7 1 2 5 3 7 4 0 6
14 4 10 2 0 5 1 4 7 3 6
14 5 9 7 4 5 1 2 0 3 6
14 7 7 1 4 5 3 2 7 0 6
14 4 10 7 2 5 1 4 0 3 6
14 8 6 1 2 5 7 4 0 3 6
14 4 10 2 4 5 1 0 3 6 7
13 5 8 0 4 5 1 2 3 6 7
13 7 6 1 4 5 0 2 3 6 7
12 8 4 1 4 5 7 2 3 6 0
14 3 11 2 5 1 0 7 4 3 6
14 3 11 2 5 3 1 7 4 0 6
14 6 8 1 0 2 5 7 4 3 6
14 6 8 1 2 3 5 7 4 0 6
14 6 8 1 2 5 6 7 4 0 3
14 6 8 1 0 4 5 2 7 3 6
14 6 8 1 4 3 5 2 7 0 6
14 6 8 1 4 5 6 2 7 0 3
14 7 7 0 7 5 1 2 4 3 6
14 5 9 4 7 5 1 2 3 0 6
14 6 8 2 4 5 7 0 3 6 1
13 7 6 0 4 5 7 2 3 6 1
14 8 6 1 2 5 3 7 4 6 0
14 8 6 1 4 5 3 2 7 6 0
14 5 9 7 0 5 1 4 2 3 6
14 9 5 1 0 5 7 4 2 3 6
14 6 8 4 0 5 1 2 3 6 7
13 7 6 4 3 5 1 2 0 6 7
14 9 5 1 4 5 7 2 3 0 6
14 4 10 2 5 3 1 7 4 6 0
14 7 7 1 2 3 5 7 4 6 0
14 7 7 1 4 3 5 2 7 6 0
14 9 5 1 7 5 0 2 4 3 6
14 6 8 4 7 5 1 2 3 6 0
14 8 6 4 0 5 7 2 3 6 1
13 9 4 4 3 5 7 2 0 6 1
15 5 10 6 2 5 1 7 4 3 0
15 3 12 2 4 5 1 6 7 3 0
15 4 11 2 4 5 0 1 7 3 6
15 5 10 6 4 5 1 2 7 3 0
15 2 13 2 4 0 1 7 3 5 6
15 5 10 7 2 5 1 6 4 3 0
15 6 9 7 2 5 0 1 4 3 6
15 8 7 0 2 5 7 1 4 3 6
15 9 6 1 2 5 7 6 4 3 0
15 4 11 4 5 0 1 2 7 3 6
15 5 10 0 4 5 1 7 3 6 2
15 7 8 1 2 5 6 0 4 3 7
15 11 4 0 1 5 7 2 4 3 6
15 5 10 4 7 5 1 0 2 3 6
15 4 11 2 4 0 5 7 3 6 1
15 5 10 0 4 5 2 7 3 6 1
15 5 10 0 2 5 1 4 7 3 6
15 5 10 2 7 5 1 4 0 3 6
15 6 9 7 4 5 1 2 3 0 6
15 8 7 1 4 5 3 2 0 7 6
14 9 5 1 0 5 3 2 4 7 6
15 5 10 7 2 5 1 4 3 0 6
15 9 6 1 2 5 7 4 3 0 6
15 5 10 2 4 5 1 3 0 6 7
14 6 8 2 0 5 1 3 4 6 7
15 8 7 3 4 5 1 2 0 6 7
14 9 5 3 0 5 1 2 4 6 7
14 10 4 0 3 5 1 2 4 6 7
14 12 2 1 3 5 0 2 4 6 7
13 13 0 1 3 5 7 2 4 6 0
