12 0 12 5 6 2 0 3 7 4 1
13 1 12 5 6 0 2 3 7 4 1
13 1 12 5 6 2 1 3 7 4 0
13 3 10 5 6 2 4 3 7 0 1
12 4 8 5 6 2 4 3 0 7 1
12 5 7 5 0 2 4 3 6 7 1
11 6 5 5 2 0 4 3 6 7 1
13 2 11 5 6 4 2 3 7 0 1
12 3 9 5 6 4 2 3 0 7 1
12 4 8 5 0 4 2 3 6 7 1
13 2 11 5 6 2 1 3 7 0 4
12 3 9 5 6 2 1 3 0 7 4
12 4 8 5 0 2 1 3 6 7 4
11 5 6 5 2 0 1 3 6 7 4
12 6 6 5 2 1 0 3 6 7 4
12 7 5 5 2 1 4 3 6 7 0
13 5 8 5 6 2 4 0 3 7 1
13 7 6 5 2 4 0 3 6 7 1
13 7 6 5 2 7 4 3 6 0 1
13 4 9 5 6 4 2 0 3 7 1
13 4 9 5 6 2 1 0 3 7 4
13 6 7 5 2 7 1 3 6 0 4
13 6 7 0 6 2 4 5 3 7 1
13 5 8 0 6 4 2 5 3 7 1
13 5 8 0 6 2 1 5 3 7 4
13 7 6 1 6 2 0 5 3 7 4
13 8 5 1 6 2 4 5 3 7 0
14 3 11 5 6 2 3 0 7 4 1
14 4 10 5 6 2 4 3 7 1 0
14 4 10 5 6 0 4 3 7 2 1
14 6 8 0 5 2 4 3 6 7 1
14 3 11 5 6 4 2 3 7 1 0
14 5 9 0 5 4 2 3 6 7 1
14 5 9 5 4 0 2 3 6 7 1
14 3 11 5 6 0 1 3 7 2 4
14 5 9 0 5 2 1 3 6 7 4
14 9 5 5 2 1 3 0 6 7 4
14 8 6 5 2 1 4 3 6 0 7
14 9 5 5 2 1 4 0 6 7 3
14 7 7 5 6 2 4 1 3 7 0
14 8 6 5 2 4 1 3 6 7 0
14 8 6 5 2 7 4 3 6 1 0
14 6 8 5 6 4 2 1 3 7 0
14 7 7 2 6 4 0 5 3 7 1
14 8 6 1 6 4 2 5 3 7 0
14 8 6 1 6 0 2 5 3 7 4
14 4 10 0 6 2 3 5 7 4 1
14 7 7 1 5 2 0 3 6 7 4
14 10 4 0 2 1 3 5 6 7 4
14 10 4 0 2 1 4 5 6 7 3
14 8 6 2 6 0 4 5 3 7 1
14 8 6 1 5 2 4 3 6 7 0
15 2 13 0 6 2 5 3 7 4 1
15 2 13 5 0 6 2 3 7 4 1
15 3 12 5 6 2 1 0 7 4 3
15 8 7 0 2 1 5 3 6 7 4
15 10 5 5 2 4 3 0 6 7 1
15 7 8 5 6 2 0 1 3 7 4
15 7 8 5 2 7 1 3 6 4 0
15 7 8 6 0 2 4 5 3 7 1
14 8 6 6 2 0 4 5 3 7 1
15 6 9 6 0 4 2 5 3 7 1
15 6 9 6 0 2 1 5 3 7 4
14 7 7 6 2 0 1 5 3 7 4
15 9 6 1 6 2 4 5 3 0 7
15 4 11 5 6 2 3 7 0 4 1
15 5 10 5 6 2 3 1 7 4 0
15 7 8 3 5 2 4 0 6 7 1
15 4 11 5 6 4 0 3 7 1 2
15 6 9 3 5 4 2 0 6 7 1
15 7 8 2 5 4 0 3 6 7 1
15 8 7 1 5 4 2 3 6 7 0
15 6 9 5 4 2 0 3 6 7 1
15 4 11 5 6 1 0 3 7 2 4
15 6 9 3 5 2 1 0 6 7 4
15 9 6 5 2 0 4 3 6 1 7
15 7 8 5 6 4 0 1 3 7 2
15 8 7 2 6 4 1 5 3 7 0
15 9 6 1 6 4 0 5 3 7 2
15 7 8 1 6 2 3 5 7 4 0
15 8 7 1 5 0 2 3 6 7 4
15 3 12 3 6 2 5 0 7 4 1
15 4 11 0 6 2 1 5 7 4 3
15 11 4 0 2 4 3 5 6 7 1
15 8 7 6 2 1 0 5 3 7 4
15 10 5 1 6 2 4 5 0 3 7
15 5 10 5 0 2 3 7 6 4 1
14 6 8 5 2 0 3 7 6 4 1
14 7 7 5 2 3 0 7 6 4 1
14 7 7 5 2 4 3 7 6 0 1
15 6 9 5 6 2 3 1 7 0 4
14 7 7 5 6 2 3 1 0 7 4
14 8 6 5 0 2 3 1 6 7 4
13 9 4 5 2 0 3 1 6 7 4
13 10 3 5 2 3 0 1 6 7 4
13 11 2 5 2 3 4 1 6 7 0
15 5 10 5 6 0 4 3 7 1 2
15 8 7 2 5 0 4 3 6 7 1
15 5 10 5 6 1 4 3 7 2 0
15 8 7 5 6 0 4 1 3 7 2
15 10 5 1 6 0 4 5 3 7 2
15 8 7 1 6 2 3 5 7 0 4
14 9 5 1 6 2 3 5 0 7 4
14 10 4 1 0 2 3 5 6 7 4
13 11 2 1 2 0 3 5 6 7 4
13 12 1 1 2 3 0 5 6 7 4
13 13 0 1 2 3 4 5 6 7 0
