11 0 11 7 1 4 5 6 3 0 2
12 1 11 7 1 4 5 6 0 3 2
12 1 11 7 1 4 5 6 3 2 0
12 2 10 7 1 4 5 0 6 3 2
13 1 12 7 1 0 5 6 3 4 2
13 2 11 7 1 4 0 6 3 2 5
13 3 10 0 1 4 5 7 6 3 2
13 5 8 7 1 4 0 5 6 3 2
13 2 11 7 1 5 0 6 3 4 2
13 3 10 7 1 0 4 6 3 2 5
13 4 9 1 0 4 5 7 6 3 2
13 6 7 7 1 0 4 5 6 3 2
12 7 5 7 1 3 4 5 6 0 2
13 4 9 0 1 5 7 6 3 4 2
13 8 5 7 1 3 4 5 6 2 0
13 5 8 1 0 5 7 6 3 4 2
12 6 6 1 3 5 7 6 0 4 2
11 7 4 1 3 5 7 6 4 0 2
12 8 4 1 3 5 7 6 4 2 0
13 7 6 1 3 5 7 0 6 4 2
13 10 3 1 3 5 7 0 4 2 6
13 9 4 1 3 5 7 2 6 4 0
14 2 12 7 0 4 5 6 1 3 2
14 3 11 7 1 4 5 0 3 2 6
14 4 10 0 1 4 5 6 3 2 7
14 4 10 7 1 4 5 2 6 3 0
14 6 8 7 1 4 2 5 6 3 0
14 3 11 7 1 5 2 6 3 4 0
14 4 10 7 1 2 4 6 3 0 5
14 5 9 6 1 5 7 0 3 4 2
14 8 6 1 3 0 7 6 4 5 2
14 10 4 1 3 5 7 2 6 0 4
13 11 2 1 3 5 7 2 0 6 4
14 5 9 1 0 4 5 6 3 2 7
14 7 7 6 1 5 7 2 3 4 0
15 2 13 7 0 1 5 6 3 4 2
14 3 11 7 3 1 5 6 0 4 2
13 4 9 7 3 1 5 6 4 0 2
14 5 9 7 3 1 5 6 4 2 0
14 5 9 7 3 0 5 6 4 1 2
14 6 8 7 3 5 0 6 4 1 2
14 8 6 0 3 5 7 6 4 1 2
15 4 11 0 1 4 7 6 3 2 5
15 5 10 5 1 4 0 7 6 3 2
15 6 9 2 1 4 5 7 6 3 0
15 7 8 0 1 4 7 5 6 3 2
15 8 7 7 1 4 3 5 6 0 2
15 5 10 7 1 5 4 6 3 0 2
15 4 11 7 0 1 4 6 3 2 5
15 5 10 1 4 0 5 7 6 3 2
14 6 8 1 4 3 5 7 6 0 2
15 7 8 7 0 1 4 5 6 3 2
15 8 7 7 1 3 4 5 0 6 2
15 7 8 3 1 5 7 6 0 4 2
14 8 6 3 1 5 7 6 4 0 2
15 11 4 0 1 3 4 5 6 2 7
15 9 6 1 3 5 0 6 4 2 7
15 11 4 1 3 5 7 4 0 2 6
15 3 12 0 7 4 5 6 1 3 2
15 4 11 7 1 4 5 3 0 2 6
15 4 11 0 1 4 5 7 3 2 6
15 5 10 7 1 4 5 2 6 0 3
14 6 8 7 1 4 5 2 0 6 3
15 5 10 7 1 4 0 2 6 3 5
15 7 8 7 1 4 2 5 6 0 3
15 4 11 7 1 5 2 6 3 0 4
15 5 10 7 1 5 2 0 3 4 6
15 5 10 7 1 2 4 6 0 3 5
15 5 10 7 1 2 4 6 3 5 0
15 6 9 6 1 5 7 3 0 4 2
14 7 7 6 1 5 7 3 4 0 2
15 12 3 1 3 5 7 0 2 6 4
15 6 9 1 3 4 5 6 0 2 7
15 8 7 6 1 5 7 2 3 0 4
15 4 11 7 3 1 5 0 6 4 2
15 7 8 7 3 1 5 0 4 2 6
15 7 8 7 3 5 2 6 4 1 0
15 9 6 6 3 5 7 0 4 1 2
15 5 10 1 0 4 7 6 3 2 5
14 6 8 1 3 4 7 6 0 2 5
14 7 7 1 3 4 7 6 2 0 5
15 6 9 5 1 0 4 7 6 3 2
14 7 7 5 1 3 4 7 6 0 2
15 8 7 1 0 4 7 5 6 3 2
15 7 8 1 4 3 5 7 6 2 0
15 9 6 3 1 5 7 6 4 2 0
15 12 3 1 0 3 4 5 6 2 7
15 12 3 1 3 5 7 4 2 0 6
15 5 10 7 1 4 5 3 2 0 6
15 5 10 1 0 4 5 7 3 2 6
14 6 8 1 3 4 5 7 0 2 6
14 7 7 1 3 4 5 7 2 0 6
14 8 6 1 3 4 5 7 2 6 0
15 6 9 7 1 0 4 2 6 3 5
14 7 7 7 1 3 4 2 6 0 5
15 6 9 7 1 2 4 0 6 3 5
15 8 7 6 1 5 7 3 4 2 0
15 7 8 1 3 4 5 0 6 2 7
15 7 8 1 3 4 5 6 2 0 7
15 6 9 7 3 1 5 2 6 4 0
15 11 4 6 3 5 7 2 4 1 0
15 7 8 1 3 4 7 0 6 2 5
15 8 7 1 3 4 7 6 2 5 0
15 8 7 1 3 0 7 6 2 4 5
15 8 7 5 1 3 4 7 6 2 0
15 13 2 1 3 5 7 4 2 6 0
15 6 9 7 1 4 5 3 2 6 0
15 7 8 1 3 4 5 0 7 2 6
15 8 7 1 3 0 5 7 2 4 6
15 8 7 7 1 3 4 2 6 5 0
15 8 7 7 1 2 4 5 6 3 0
15 9 6 1 3 5 0 7 2 4 6
16 4 12 7 1 0 5 6 3 2 4
16 5 11 7 0 4 5 1 6 3 2
16 5 11 7 1 4 2 6 3 0 5
16 5 11 7 1 5 6 0 3 4 2
16 5 11 1 6 4 5 7 0 3 2
16 7 9 2 1 5 7 6 3 4 0
16 9 7 7 1 3 0 5 6 2 4
16 6 10 1 5 0 7 6 3 4 2
16 8 8 0 3 5 7 1 6 4 2
16 11 5 0 3 5 7 1 4 2 6
16 10 6 1 3 5 0 2 6 4 7
16 3 13 7 4 0 5 6 1 3 2
15 4 11 7 4 3 5 6 1 0 2
16 6 10 7 1 4 0 5 3 2 6
16 5 11 6 1 4 5 0 3 2 7
16 6 10 5 1 4 0 6 3 2 7
16 7 9 0 1 4 5 2 6 3 7
16 9 7 0 1 4 2 5 6 3 7
16 9 7 1 3 7 0 6 4 5 2
16 12 4 1 0 5 7 2 3 6 4
16 6 10 1 4 0 5 6 3 2 7
16 10 6 0 1 5 7 2 3 4 6
16 3 13 0 7 1 5 6 3 4 2
16 6 10 7 3 1 0 6 4 2 5
16 9 7 3 0 5 7 6 4 1 2
16 5 11 6 1 4 7 0 3 2 5
16 6 10 5 1 4 2 7 6 3 0
16 7 9 2 1 4 5 7 6 0 3
16 7 9 2 1 4 0 7 6 3 5
16 8 8 2 1 4 5 0 6 3 7
16 9 7 7 1 4 3 5 6 2 0
16 6 10 7 1 5 4 6 0 3 2
16 6 10 7 1 5 4 6 3 2 0
16 6 10 7 1 0 4 6 3 5 2
16 5 11 0 7 1 4 6 3 2 5
16 5 11 7 3 1 4 6 0 2 5
16 6 10 1 4 5 0 7 6 3 2
16 7 9 1 4 3 5 7 0 6 2
15 8 7 1 0 3 5 7 4 6 2
14 9 5 1 3 0 5 7 4 6 2
14 10 4 1 3 5 0 7 4 6 2
15 11 4 1 3 5 2 7 4 6 0
15 13 2 1 3 5 7 0 4 6 2
15 15 0 1 3 5 7 2 4 6 0
