7 0 7 6 0 1 4 5 2 3 7
7 1 6 0 6 1 4 5 2 3 7
7 1 6 6 1 0 4 5 2 3 7
7 1 6 6 2 1 4 5 0 3 7
7 2 5 6 1 3 4 5 2 0 7
7 3 4 6 1 3 4 5 2 7 0
9 2 7 5 6 1 4 0 2 3 7
9 2 7 6 1 4 0 5 2 3 7
9 2 7 6 2 1 4 0 5 3 7
9 2 7 6 2 1 4 5 3 0 7
9 3 6 6 1 3 4 5 0 2 7
9 4 5 6 1 3 0 5 2 7 4
9 3 6 0 2 1 4 6 5 3 7
9 3 6 6 2 1 4 5 3 7 0
10 4 6 2 6 1 4 5 0 3 7
10 6 4 0 1 3 4 5 2 7 6
10 3 7 6 2 0 4 5 3 1 7
10 5 5 2 0 1 4 5 6 3 7
10 7 3 1 0 3 4 5 2 7 6
10 6 4 0 2 1 4 5 6 3 7
10 6 4 2 1 0 4 5 6 3 7
10 8 2 1 2 3 4 5 0 7 6
10 7 3 2 1 3 4 5 6 0 7
10 8 2 2 1 3 4 5 6 7 0
11 3 8 4 6 1 0 5 2 3 7
11 4 7 7 6 1 4 5 2 3 0
11 5 6 6 1 3 4 0 2 7 5
11 3 8 5 6 1 4 2 0 3 7
11 3 8 6 1 4 7 5 2 3 0
11 4 7 0 1 4 6 5 2 3 7
11 4 7 6 1 3 4 0 5 2 7
11 4 7 6 0 3 4 5 1 2 7
11 5 6 6 1 0 3 5 2 7 4
11 6 5 0 1 3 6 5 2 7 4
11 4 7 2 0 1 4 6 5 3 7
11 4 7 6 2 1 0 5 3 7 4
11 6 5 0 1 3 4 6 2 7 5
11 4 7 5 0 1 4 2 6 3 7
11 5 6 1 0 4 6 5 2 3 7
11 5 6 0 1 3 4 6 5 2 7
11 5 6 0 6 3 4 5 1 2 7
11 7 4 1 0 3 6 5 2 7 4
11 5 6 2 1 0 4 6 5 3 7
11 7 4 1 0 3 4 6 2 7 5
11 5 6 5 1 0 4 2 6 3 7
11 6 5 1 2 4 6 5 0 3 7
11 6 5 1 0 3 4 6 5 2 7
11 8 3 1 2 3 6 5 0 7 4
11 6 5 2 1 3 4 6 5 0 7
11 8 3 1 2 3 4 6 0 7 5
11 6 5 5 1 3 4 2 6 0 7
11 7 4 2 1 3 4 6 5 7 0
11 9 2 1 2 3 4 0 6 7 5
11 7 4 5 1 3 4 2 6 7 0
11 11 0 1 2 3 4 5 6 7 0
