8 0 8 4 1 7 3 2 0 6 5
10 1 9 4 1 7 3 0 2 6 5
10 1 9 4 1 7 3 2 6 0 5
10 1 9 4 0 7 3 2 1 6 5
10 2 8 0 1 7 3 4 2 6 5
10 2 8 4 1 0 3 2 6 7 5
10 2 8 0 4 7 3 2 1 6 5
10 3 7 1 0 7 3 4 2 6 5
10 3 7 4 1 3 0 2 6 7 5
10 5 5 0 1 3 4 2 6 7 5
10 6 4 1 0 3 4 2 6 7 5
10 6 4 2 1 3 4 0 6 7 5
10 8 2 2 1 3 4 5 6 7 0
11 3 8 4 1 7 3 5 2 6 0
11 2 9 4 1 7 3 2 6 5 0
11 4 7 3 1 7 0 4 2 6 5
11 4 7 3 4 7 0 2 1 6 5
11 5 6 1 4 7 3 2 0 6 5
11 4 7 4 1 3 5 2 6 7 0
11 5 6 3 1 0 7 4 2 6 5
11 5 6 3 1 7 5 4 2 6 0
11 5 6 3 4 0 7 2 1 6 5
11 5 6 3 4 7 5 2 1 6 0
11 6 5 1 0 7 3 2 4 6 5
12 2 10 4 7 0 3 2 1 6 5
12 3 9 4 0 1 3 2 6 7 5
12 3 9 2 4 7 3 0 1 6 5
12 4 8 1 7 0 3 4 2 6 5
12 4 8 1 2 7 3 4 0 6 5
11 5 6 1 2 7 3 4 6 0 5
11 6 5 1 2 0 3 4 6 7 5
11 7 4 1 2 3 0 4 6 7 5
12 8 4 5 1 3 4 2 6 7 0
12 7 5 1 6 3 4 2 0 7 5
12 7 5 2 1 3 4 6 0 7 5
12 9 3 2 1 3 4 5 6 0 7
12 9 3 2 1 3 0 5 6 7 4
12 4 8 4 1 7 3 5 2 0 6
12 3 9 4 1 7 0 2 6 5 3
12 4 8 2 4 7 3 1 0 6 5
12 5 7 1 2 7 3 0 4 6 5
12 6 6 1 2 7 3 4 6 5 0
12 8 4 1 2 3 5 4 6 7 0
12 10 2 1 2 3 4 0 6 7 5
12 8 4 1 6 3 4 0 2 7 5
12 5 7 4 1 0 3 5 2 7 6
12 4 8 4 1 0 7 2 6 5 3
12 5 7 2 0 7 3 1 4 6 5
12 12 0 1 2 3 4 5 6 7 0
