13 0 13 4 6 7 2 3 1 0 5
13 1 12 4 6 0 2 3 1 7 5
14 1 13 4 6 7 2 3 0 1 5
14 1 13 4 6 7 2 3 1 5 0
14 2 12 4 0 6 2 3 1 7 5
14 2 12 4 6 2 0 3 1 7 5
14 2 12 4 0 7 2 3 6 1 5
14 3 11 4 1 6 2 3 0 7 5
14 4 10 0 6 2 4 3 1 7 5
15 2 13 4 6 7 2 0 3 1 5
15 2 13 4 6 7 0 3 1 5 2
15 3 12 0 4 6 2 3 1 7 5
15 3 12 4 6 2 5 3 1 7 0
15 3 12 0 4 7 2 3 6 1 5
15 3 12 4 7 0 2 3 6 1 5
15 4 11 4 1 6 2 0 3 7 5
15 5 10 6 0 2 4 3 1 7 5
14 6 8 6 2 0 4 3 1 7 5
15 5 10 3 6 2 4 0 1 7 5
15 7 8 1 6 2 4 3 0 7 5
14 8 6 1 0 2 4 3 6 7 5
13 9 4 1 2 0 4 3 6 7 5
15 3 12 0 6 7 2 4 3 1 5
15 3 12 4 6 0 7 3 1 5 2
14 4 10 4 6 5 7 3 1 0 2
15 6 9 4 1 6 2 5 3 7 0
15 6 9 6 1 2 4 3 0 7 5
15 7 8 3 6 2 4 5 1 7 0
15 10 5 1 2 4 0 3 6 7 5
15 5 10 4 6 5 7 3 0 1 2
15 5 10 4 6 5 7 3 1 2 0
16 3 13 4 6 7 2 0 1 5 3
16 5 11 4 6 2 3 0 1 7 5
16 4 12 4 6 7 2 5 3 1 0
16 5 11 4 6 7 0 2 3 1 5
16 4 12 0 6 7 4 3 1 5 2
16 4 12 3 4 6 2 0 1 7 5
16 5 11 2 4 6 0 3 1 7 5
16 6 10 1 4 6 2 3 0 7 5
16 4 12 3 4 7 2 0 6 1 5
16 5 11 2 4 7 0 3 6 1 5
16 4 12 4 7 2 0 3 6 1 5
16 4 12 4 7 1 2 3 6 0 5
16 5 11 0 1 6 2 4 3 7 5
16 7 9 6 2 4 0 3 1 7 5
16 6 10 3 6 2 4 1 0 7 5
15 7 8 3 0 2 4 1 6 7 5
14 8 6 3 2 0 4 1 6 7 5
16 8 8 1 6 2 4 0 3 7 5
16 9 7 0 1 2 4 3 6 7 5
16 10 6 1 2 7 4 3 6 0 5
16 4 12 6 0 7 2 4 3 1 5
15 5 10 6 3 7 2 4 0 1 5
15 6 9 6 3 7 2 0 4 1 5
16 4 12 4 0 6 7 3 1 5 2
16 7 9 4 1 6 0 5 3 7 2
16 7 9 6 1 2 4 0 3 7 5
16 11 5 1 2 4 5 3 6 7 0
16 6 10 4 6 5 7 0 3 1 2
16 6 10 4 0 5 7 3 6 1 2
16 4 12 0 6 7 2 4 1 5 3
16 7 9 4 6 2 3 5 1 7 0
16 6 10 4 6 0 7 2 3 1 5
16 6 10 4 6 7 5 2 3 1 0
16 6 10 3 4 6 2 5 1 7 0
16 6 10 3 4 7 2 5 6 1 0
16 6 10 0 7 2 4 3 6 1 5
16 6 10 1 0 6 2 4 3 7 5
16 8 8 0 3 2 4 1 6 7 5
15 9 6 1 3 2 4 0 6 7 5
15 11 4 1 3 2 4 5 6 7 0
16 9 7 3 2 4 0 1 6 7 5
16 10 6 1 6 2 4 5 3 7 0
16 6 10 6 3 7 2 4 1 0 5
16 7 9 0 3 7 2 6 4 1 5
16 9 7 6 3 7 0 2 4 1 5
16 5 11 4 1 6 7 3 0 5 2
16 9 7 0 1 6 4 5 3 7 2
16 8 8 0 1 2 4 6 3 7 5
16 9 7 6 1 2 4 5 3 7 0
16 7 9 0 6 5 7 4 3 1 2
16 8 8 4 6 5 7 2 3 1 0
16 7 9 1 3 6 2 4 0 7 5
16 10 6 6 3 0 7 2 4 1 5
16 10 6 6 3 7 5 2 4 1 0
16 10 6 1 0 6 4 5 3 7 2
16 9 7 1 0 2 4 6 3 7 5
15 10 5 1 2 0 4 6 3 7 5
16 8 8 1 3 6 2 0 4 7 5
17 4 13 4 6 0 2 3 1 5 7
17 4 13 0 6 7 2 3 1 5 4
17 5 12 4 6 2 7 3 1 0 5
17 4 13 4 1 6 2 3 7 0 5
16 5 11 4 1 0 2 3 7 6 5
17 7 10 5 6 2 4 3 1 7 0
17 5 12 4 6 7 5 3 1 0 2
17 4 13 4 6 2 5 3 1 0 7
17 5 12 4 6 2 5 0 1 7 3
17 7 10 6 2 7 4 3 1 0 5
17 8 9 3 0 2 4 6 1 7 5
16 9 7 3 2 0 4 6 1 7 5
17 5 12 2 6 7 0 4 3 1 5
17 6 11 3 6 7 2 4 0 1 5
17 7 10 4 1 6 2 5 3 0 7
17 8 9 3 6 2 4 5 1 0 7
17 13 4 1 2 4 3 0 6 7 5
17 7 10 4 6 5 7 0 1 2 3
17 4 13 4 6 7 2 1 0 5 3
17 6 11 4 6 7 0 2 1 5 3
17 6 11 4 6 2 3 1 0 7 5
16 7 9 4 0 2 3 1 6 7 5
15 8 7 4 2 0 3 1 6 7 5
15 9 6 4 2 3 0 1 6 7 5
15 11 4 0 2 3 4 1 6 7 5
14 12 2 1 2 3 4 0 6 7 5
14 14 0 1 2 3 4 5 6 7 0
