12 0 12 4 6 7 2 3 1 0 5
12 1 11 4 6 0 2 3 1 7 5
13 1 12 4 6 7 2 3 0 1 5
13 1 12 4 6 7 2 3 1 5 0
13 2 11 4 6 2 0 3 1 7 5
13 2 11 4 0 7 2 3 6 1 5
13 4 9 0 6 2 4 3 1 7 5
14 2 12 4 0 6 2 3 1 7 5
14 2 12 4 6 7 2 0 3 1 5
14 2 12 4 6 7 0 3 1 5 2
14 3 11 4 6 2 5 3 1 7 0
14 3 11 0 4 7 2 3 6 1 5
14 5 9 3 6 2 4 0 1 7 5
14 7 7 1 6 2 4 3 0 7 5
14 3 11 4 1 6 2 3 0 7 5
14 3 11 0 6 7 2 4 3 1 5
14 4 10 4 6 7 2 5 3 1 0
14 3 11 4 6 0 7 3 1 5 2
14 4 10 0 6 7 4 3 1 5 2
14 6 8 3 6 2 4 1 0 7 5
14 7 7 3 6 2 4 5 1 7 0
14 8 6 1 0 2 4 3 6 7 5
13 9 4 1 2 0 4 3 6 7 5
14 4 10 4 0 6 7 3 1 5 2
14 4 10 4 6 5 7 3 1 0 2
14 7 7 3 0 2 4 1 6 7 5
13 8 5 3 2 0 4 1 6 7 5
14 5 9 0 4 6 7 3 1 5 2
14 5 9 4 1 6 7 3 0 5 2
14 6 8 3 4 6 7 0 1 5 2
14 6 8 4 1 6 7 0 3 5 2
14 7 7 3 4 6 7 1 0 5 2
14 8 6 3 4 6 7 2 1 5 0
14 7 7 0 1 6 7 4 3 5 2
14 8 6 4 1 6 7 2 3 5 0
14 8 6 3 0 6 7 1 4 5 2
14 8 6 1 0 6 7 4 3 5 2
14 9 5 0 3 6 7 1 4 5 2
14 9 5 1 3 6 7 4 0 5 2
14 10 4 1 3 6 7 0 4 5 2
14 12 2 1 3 6 7 2 4 5 0
15 3 12 4 6 7 2 0 1 5 3
15 4 11 0 6 7 2 3 1 5 4
15 5 10 4 6 2 3 0 1 7 5
15 3 12 4 7 0 2 3 6 1 5
15 5 10 6 0 2 4 3 1 7 5
14 6 8 6 2 0 4 3 1 7 5
15 7 8 5 6 2 4 3 1 7 0
15 3 12 0 4 6 2 3 1 7 5
15 5 10 4 6 7 0 2 3 1 5
15 4 11 3 4 7 2 0 6 1 5
15 5 10 2 4 7 0 3 6 1 5
15 8 7 1 6 2 4 0 3 7 5
15 4 11 4 1 6 2 0 3 7 5
15 4 11 6 0 7 2 4 3 1 5
15 5 10 2 6 7 0 4 3 1 5
15 5 10 4 6 7 2 5 3 0 1
15 5 10 4 6 7 0 5 3 1 2
15 5 10 3 6 7 4 0 1 5 2
15 7 8 1 6 7 4 3 0 5 2
15 10 5 1 2 4 0 3 6 7 5
15 10 5 1 2 7 4 3 6 0 5
15 5 10 4 6 5 7 3 0 1 2
15 5 10 4 6 5 7 3 1 2 0
15 8 7 0 3 2 4 1 6 7 5
15 9 6 3 2 4 0 1 6 7 5
15 9 6 3 2 7 4 1 6 0 5
15 8 7 1 4 6 7 3 0 5 2
15 4 11 4 6 7 2 1 0 5 3
15 4 11 0 6 7 2 4 1 5 3
15 6 9 4 6 2 3 1 0 7 5
15 7 8 4 6 2 3 5 1 7 0
15 6 9 6 1 2 4 3 0 7 5
15 4 11 3 4 6 2 0 1 7 5
15 6 9 4 6 0 7 2 3 1 5
15 6 9 4 6 7 5 2 3 1 0
15 6 9 3 4 7 2 5 6 1 0
15 10 5 1 6 2 4 5 3 7 0
15 5 10 0 1 6 2 4 3 7 5
15 6 9 4 1 6 2 5 3 7 0
15 5 10 6 3 7 2 4 0 1 5
15 6 9 2 6 0 7 4 3 1 5
15 6 9 2 6 7 5 4 3 1 0
15 6 9 4 6 7 2 5 0 3 1
15 6 9 4 6 0 2 5 3 7 1
15 7 8 0 6 7 4 5 3 1 2
15 6 9 3 6 7 4 1 0 5 2
15 8 7 1 6 7 4 3 5 0 2
15 8 7 1 0 7 4 3 6 5 2
15 6 9 4 6 5 7 0 3 1 2
15 9 6 1 3 2 4 0 6 7 5
15 9 6 1 4 6 7 0 3 5 2
15 9 6 1 0 6 7 3 4 5 2
15 5 10 4 6 7 2 1 5 0 3
15 5 10 4 0 7 2 1 6 5 3
15 7 8 4 0 2 3 1 6 7 5
14 8 6 4 2 0 3 1 6 7 5
14 9 5 4 2 3 0 1 6 7 5
14 11 3 0 2 3 4 1 6 7 5
14 12 2 1 2 3 4 0 6 7 5
14 14 0 1 2 3 4 5 6 7 0
