11 0 11 4 6 3 2 0 7 1 5
11 2 9 4 6 3 2 5 7 1 0
12 1 11 4 6 3 2 7 0 1 5
12 1 11 0 6 3 2 4 7 1 5
12 3 9 4 6 3 2 5 7 0 1
11 4 7 4 6 3 2 5 0 7 1
11 5 6 4 0 3 2 5 6 7 1
12 3 9 4 6 3 0 5 7 1 2
12 2 10 4 0 3 2 7 6 1 5
12 6 6 0 4 3 2 5 6 7 1
12 5 7 0 6 3 4 5 7 1 2
13 5 8 0 6 3 2 5 7 1 4
13 2 11 4 6 3 2 7 1 0 5
13 3 10 2 6 3 0 4 7 1 5
13 5 8 4 6 3 2 0 5 7 1
13 3 10 0 4 3 2 7 6 1 5
13 8 5 2 4 3 0 5 6 7 1
13 9 4 1 4 3 2 5 6 7 0
14 3 11 4 0 3 2 6 7 1 5
14 3 11 4 6 3 0 2 7 1 5
14 2 12 6 0 3 2 4 7 1 5
14 4 10 5 6 3 2 4 7 1 0
14 4 10 4 6 0 2 5 7 3 1
14 6 8 4 3 0 2 5 6 7 1
14 4 10 4 6 0 3 5 7 1 2
14 7 7 5 4 3 2 0 6 7 1
14 6 8 6 0 3 4 5 7 1 2
14 6 8 5 6 3 4 0 7 1 2
14 8 6 2 6 3 4 5 7 1 0
14 7 7 2 6 3 0 5 7 1 4
14 3 11 4 6 3 2 7 1 5 0
14 4 10 2 6 3 5 4 7 1 0
14 6 8 2 6 3 4 0 7 1 5
14 6 8 0 6 3 2 4 5 7 1
14 7 7 4 6 3 2 1 5 7 0
14 4 10 7 4 3 2 0 6 1 5
14 5 9 2 4 3 0 7 6 1 5
14 9 5 2 4 3 1 5 6 7 0
14 10 4 1 4 3 0 5 6 7 2
14 5 9 0 6 3 4 2 7 1 5
14 3 11 6 3 0 2 4 7 1 5
14 6 8 7 4 3 2 5 6 1 0
15 4 11 7 6 3 2 4 0 1 5
15 6 9 4 6 3 1 5 7 0 2
14 7 7 4 6 3 1 5 0 7 2
14 8 6 4 0 3 1 5 6 7 2
15 3 12 4 3 0 2 7 6 1 5
15 8 7 7 6 3 4 5 0 1 2
15 6 9 6 0 3 2 5 7 1 4
15 6 9 5 6 3 2 0 7 1 4
15 3 12 4 6 0 2 7 1 3 5
15 4 11 2 6 0 3 4 7 1 5
15 6 9 5 4 3 2 7 6 1 0
15 9 6 2 4 0 3 5 6 7 1
15 10 5 1 4 3 2 5 6 0 7
15 4 11 0 4 3 2 6 7 1 5
15 4 11 4 7 3 2 6 0 1 5
15 4 11 4 6 3 5 2 7 1 0
15 3 12 6 7 3 2 4 0 1 5
15 5 10 5 6 3 2 4 7 0 1
14 6 8 5 6 3 2 4 0 7 1
14 7 7 5 0 3 2 4 6 7 1
15 5 10 5 6 3 0 4 7 1 2
15 5 10 4 6 2 0 5 7 3 1
15 7 8 4 3 2 0 5 6 7 1
15 5 10 4 6 1 3 5 7 0 2
14 6 8 4 6 1 3 5 0 7 2
14 7 7 4 0 1 3 5 6 7 2
14 8 6 4 1 0 3 5 6 7 2
14 9 5 4 1 3 0 5 6 7 2
14 11 3 0 1 3 4 5 6 7 2
14 12 2 1 0 3 4 5 6 7 2
15 9 6 5 4 3 2 1 6 7 0
15 7 8 6 7 3 4 5 0 1 2
15 7 8 5 6 3 4 7 0 1 2
15 9 6 2 6 3 4 5 7 0 1
14 10 4 2 6 3 4 5 0 7 1
14 11 3 2 0 3 4 5 6 7 1
14 12 2 0 2 3 4 5 6 7 1
15 4 11 4 6 3 0 7 1 5 2
15 5 10 4 6 3 2 0 1 5 7
15 5 10 2 6 3 5 4 7 0 1
14 6 8 2 6 3 5 4 0 7 1
14 7 7 2 0 3 5 4 6 7 1
14 8 6 0 2 3 5 4 6 7 1
15 6 9 2 6 3 5 0 7 1 4
15 7 8 2 6 3 4 7 0 1 5
15 8 7 2 6 3 0 4 5 7 1
15 9 6 1 6 3 2 4 5 7 0
15 8 7 4 6 3 0 1 5 7 2
15 6 9 2 4 3 5 7 6 1 0
15 4 11 6 3 2 0 4 7 1 5
15 4 11 6 3 1 2 4 7 0 5
15 7 8 7 4 3 2 5 6 0 1
15 7 8 7 4 3 0 5 6 1 2
15 5 10 7 0 3 2 4 6 1 5
15 9 6 0 4 3 1 5 6 7 2
15 9 6 7 0 3 4 5 6 1 2
15 10 5 2 0 4 3 5 6 7 1
15 5 10 4 7 3 2 0 6 1 5
15 7 8 5 6 3 2 0 4 7 1
15 7 8 0 6 2 4 5 7 3 1
15 9 6 0 3 2 4 5 6 7 1
15 8 7 0 4 1 3 5 6 7 2
15 10 5 4 1 3 2 5 6 7 0
15 8 7 5 0 3 4 7 6 1 2
15 15 0 1 2 3 4 5 6 7 0
