10 0 10 6 2 1 4 7 3 0 5
11 1 10 6 2 1 4 7 0 3 5
11 1 10 6 2 1 4 7 3 5 0
11 1 10 6 2 0 4 7 3 1 5
12 2 10 6 2 1 4 0 7 3 5
12 3 9 6 2 1 4 0 3 5 7
12 3 9 0 2 1 4 6 7 3 5
12 4 8 6 2 1 4 5 7 3 0
12 4 8 0 2 1 4 6 3 5 7
13 2 11 6 2 4 0 7 3 1 5
13 4 9 6 2 1 4 3 0 5 7
13 5 8 6 2 1 4 5 7 0 3
12 6 6 6 2 1 4 5 0 7 3
13 5 8 6 2 1 4 3 5 0 7
13 6 7 6 2 1 4 3 5 7 0
14 2 12 6 0 1 4 7 2 3 5
14 2 12 6 2 1 0 7 3 5 4
14 4 10 6 2 0 4 7 3 5 1
14 4 10 0 2 1 4 7 3 5 6
14 2 12 6 0 2 4 7 3 1 5
14 4 10 2 0 1 4 6 7 3 5
14 5 9 2 0 1 4 6 3 5 7
14 3 11 6 2 4 5 7 3 1 0
14 6 8 6 2 0 4 5 7 1 3
14 7 7 6 2 1 4 0 5 7 3
14 6 8 6 2 0 4 3 5 1 7
14 3 11 6 1 0 4 7 2 3 5
13 4 9 6 1 3 4 7 2 0 5
14 5 9 2 1 0 4 6 7 3 5
13 6 7 2 1 3 4 6 7 0 5
12 7 5 2 1 3 4 6 0 7 5
12 8 4 2 1 3 4 0 6 7 5
12 10 2 2 1 3 4 5 6 7 0
14 6 8 2 1 0 4 6 3 5 7
14 8 6 0 2 1 4 6 5 7 3
14 5 9 6 1 3 4 7 0 2 5
14 5 9 6 1 3 4 7 2 5 0
14 7 7 2 1 3 4 6 7 5 0
14 8 6 2 0 3 4 6 1 7 5
14 9 5 0 1 3 4 2 6 7 5
14 11 3 2 1 3 4 5 6 0 7
14 9 5 0 2 3 4 6 1 7 5
14 10 4 1 0 3 4 2 6 7 5
15 6 9 7 2 1 4 6 0 3 5
15 6 9 5 2 1 4 6 7 3 0
15 5 10 6 2 1 0 5 7 3 4
15 7 8 6 2 0 4 5 7 3 1
14 8 6 6 2 3 4 5 7 0 1
13 9 4 6 2 3 4 5 0 7 1
15 7 8 0 2 1 4 5 7 3 6
15 7 8 3 2 1 4 6 0 5 7
15 4 11 0 2 4 6 7 3 1 5
15 7 8 6 0 1 4 5 2 7 3
15 3 12 0 6 1 4 7 2 3 5
15 3 12 6 2 0 1 7 3 5 4
15 5 10 6 2 5 4 7 3 0 1
15 5 10 7 2 1 4 0 3 5 6
15 3 12 0 6 2 4 7 3 1 5
15 3 12 6 3 2 4 7 0 1 5
15 5 10 2 7 1 4 6 0 3 5
15 6 9 2 3 1 4 6 0 5 7
15 4 11 6 2 4 5 7 3 0 1
15 5 10 6 2 4 5 0 3 1 7
15 11 4 2 1 3 0 5 6 7 4
15 7 8 2 1 5 4 6 3 0 7
15 6 9 6 1 3 4 0 7 2 5
15 7 8 6 1 3 4 0 2 5 7
15 12 3 1 2 3 4 6 0 7 5
15 7 8 7 2 1 4 0 6 3 5
15 9 6 6 2 3 4 5 7 1 0
15 10 5 6 2 3 4 0 5 7 1
15 8 7 3 2 1 4 0 6 5 7
15 8 7 3 2 1 4 6 5 0 7
15 8 7 6 1 0 4 5 2 7 3
15 6 9 2 7 1 4 0 6 3 5
15 7 8 2 3 1 4 0 6 5 7
15 7 8 2 3 1 4 6 5 0 7
15 6 9 0 2 4 5 6 3 1 7
15 8 7 2 1 5 4 6 3 7 0
15 7 8 0 1 3 4 6 7 2 5
15 8 7 6 1 3 4 5 7 2 0
15 8 7 0 1 3 4 6 2 5 7
15 13 2 1 2 3 4 0 6 7 5
15 9 6 7 2 1 4 5 6 3 0
15 11 4 0 2 3 4 6 5 7 1
15 9 6 3 2 1 4 6 5 7 0
15 8 7 2 7 1 4 5 6 3 0
15 8 7 2 3 1 4 6 5 7 0
15 8 7 1 0 3 4 6 7 2 5
15 9 6 1 0 3 4 6 2 5 7
14 10 4 1 2 3 4 6 0 5 7
14 11 3 1 2 3 4 0 6 5 7
14 11 3 1 2 3 4 6 5 0 7
14 12 2 1 2 3 4 6 5 7 0
15 15 0 1 2 3 4 5 6 7 0
